label:SEClamp[0].i
4001
-0.0125	-0.504457
0.0125	-0.504429
0.0375	-0.504414
0.0625	-0.504386
0.0875	-0.504372
0.1125	-0.504357
0.1375	-0.504329
0.1625	-0.504315
0.1875	-0.504286
0.2125	-0.504272
0.2375	-0.504244
0.2625	-0.50423
0.2875	-0.504215
0.3125	-0.504187
0.3375	-0.504173
0.3625	-0.504144
0.3875	-0.50413
0.4125	-0.504102
0.4375	-0.504087
0.4625	-0.504073
0.4875	-0.504045
0.5125	-0.504031
0.5375	-0.504002
0.5625	-0.503988
0.5875	-0.503974
0.6125	-0.503945
0.6375	-0.503931
0.6625	-0.503903
0.6875	-0.503888
0.7125	-0.50386
0.7375	-0.503846
0.7625	-0.503832
0.7875	-0.503803
0.8125	-0.503789
0.8375	-0.503761
0.8625	-0.503746
0.8875	-0.503732
0.9125	-0.503704
0.9375	-0.50369
0.9625	-0.503661
0.9875	-0.503647
1.0125	-0.503633
1.0375	-0.503604
1.0625	-0.50359
1.0875	-0.503576
1.1125	-0.503547
1.1375	-0.503533
1.1625	-0.503505
1.1875	-0.503491
1.2125	-0.503476
1.2375	-0.503448
1.2625	-0.503434
1.2875	-0.503405
1.3125	-0.503391
1.3375	-0.503377
1.3625	-0.503348
1.3875	-0.503334
1.4125	-0.50332
1.4375	-0.503292
1.4625	-0.503277
1.4875	-0.503263
1.5125	-0.503235
1.5375	-0.503221
1.5625	-0.503192
1.5875	-0.503178
1.6125	-0.503164
1.6375	-0.503135
1.6625	-0.503121
1.6875	-0.503107
1.7125	-0.503078
1.7375	-0.503064
1.7625	-0.50305
1.7875	-0.503022
1.8125	-0.503007
1.8375	-0.502993
1.8625	-0.502965
1.8875	-0.502951
1.9125	-0.502922
1.9375	-0.502908
1.9625	-0.502894
1.9875	-0.502865
2.0125	-0.502851
2.0375	-0.502837
2.0625	-0.502808
2.0875	-0.502794
2.1125	-0.50278
2.1375	-0.502752
2.1625	-0.502737
2.1875	-0.502723
2.2125	-0.502695
2.2375	-0.502681
2.2625	-0.502666
2.2875	-0.502638
2.3125	-0.502624
2.3375	-0.502609
2.3625	-0.502581
2.3875	-0.502567
2.4125	-0.502553
2.4375	-0.502538
2.4625	-0.50251
2.4875	-0.502496
2.5125	-0.502482
2.5375	-0.502453
2.5625	-0.502439
2.5875	-0.502425
2.6125	-0.502396
2.6375	-0.502382
2.6625	-0.502368
2.6875	-0.502339
2.7125	-0.502325
2.7375	-0.502311
2.7625	-0.502283
2.7875	-0.502268
2.8125	-0.502254
2.8375	-0.50224
2.8625	-0.502212
2.8875	-0.502197
2.9125	-0.502183
2.9375	-0.502155
2.9625	-0.502141
2.9875	-0.502126
3.0125	-0.502112
3.0375	-0.502084
3.0625	-0.502069
3.0875	-0.502055
3.1125	-0.502027
3.1375	-0.502013
3.1625	-0.501998
3.1875	-0.501984
3.2125	-0.501956
3.2375	-0.501942
3.2625	-0.501927
3.2875	-0.501899
3.3125	-0.501885
3.3375	-0.501871
3.3625	-0.501856
3.3875	-0.501828
3.4125	-0.501814
3.4375	-0.501799
3.4625	-0.501771
3.4875	-0.501757
3.5125	-0.501743
3.5375	-0.501728
3.5625	-0.5017
3.5875	-0.501686
3.6125	-0.501672
3.6375	-0.501657
3.6625	-0.501629
3.6875	-0.501615
3.7125	-0.501601
3.7375	-0.501586
3.7625	-0.501558
3.7875	-0.501544
3.8125	-0.501529
3.8375	-0.501515
3.8625	-0.501487
3.8875	-0.501473
3.9125	-0.501458
3.9375	-0.501444
3.9625	-0.501416
3.9875	-0.501402
4.0125	-0.501387
4.0375	-0.501373
4.0625	-0.501345
4.0875	-0.501331
4.1125	-0.501316
4.1375	-0.501302
4.1625	-0.501274
4.1875	-0.50126
4.2125	-0.501245
4.2375	-0.501231
4.2625	-0.501203
4.2875	-0.501188
4.3125	-0.501174
4.3375	-0.50116
4.3625	-0.501146
4.3875	-0.501117
4.4125	-0.501103
4.4375	-0.501089
4.4625	-0.501075
4.4875	-0.501046
4.5125	-0.501032
4.5375	-0.501018
4.5625	-0.501004
4.5875	-0.500989
4.6125	-0.500961
4.6375	-0.500947
4.6625	-0.500933
4.6875	-0.500918
4.7125	-0.50089
4.7375	-0.500876
4.7625	-0.500862
4.7875	-0.500847
4.8125	-0.500833
4.8375	-0.500805
4.8625	-0.500791
4.8875	-0.500776
4.9125	-0.500762
4.9375	-0.500748
4.9625	-0.500719
4.9875	-0.500705
5.0125	-0.500691
5.0375	-0.500677
5.0625	-0.500663
5.0875	-0.500634
5.1125	-0.50062
5.1375	-0.500606
5.1625	-0.500592
5.1875	-0.500577
5.2125	-0.500549
5.2375	-0.500535
5.2625	-0.500521
5.2875	-0.500506
5.3125	-0.500492
5.3375	-0.500464
5.3625	-0.500449
5.3875	-0.500435
5.4125	-0.500421
5.4375	-0.500407
5.4625	-0.500393
5.4875	-0.500364
5.5125	-0.50035
5.5375	-0.500336
5.5625	-0.500322
5.5875	-0.500307
5.6125	-0.500293
5.6375	-0.500265
5.6625	-0.500251
5.6875	-0.500236
5.7125	-0.500222
5.7375	-0.500208
5.7625	-0.500194
5.7875	-0.500165
5.8125	-0.500151
5.8375	-0.500137
5.8625	-0.500123
5.8875	-0.500108
5.9125	-0.500094
5.9375	-0.500066
5.9625	-0.500052
5.9875	-0.500037
6.0125	-0.500023
6.0375	-0.500009
6.0625	-0.499995
6.0875	-0.499966
6.1125	-0.499952
6.1375	-0.499938
6.1625	-0.499924
6.1875	-0.499909
6.2125	-0.499895
6.2375	-0.499881
6.2625	-0.499853
6.2875	-0.499838
6.3125	-0.499824
6.3375	-0.49981
6.3625	-0.499796
6.3875	-0.499782
6.4125	-0.499767
6.4375	-0.499739
6.4625	-0.499725
6.4875	-0.499711
6.5125	-0.499696
6.5375	-0.499682
6.5625	-0.499668
6.5875	-0.499654
6.6125	-0.499625
6.6375	-0.499611
6.6625	-0.499597
6.6875	-0.499583
6.7125	-0.499568
6.7375	-0.499554
6.7625	-0.49954
6.7875	-0.499526
6.8125	-0.499497
6.8375	-0.499483
6.8625	-0.499469
6.8875	-0.499455
6.9125	-0.49944
6.9375	-0.499426
6.9625	-0.499412
6.9875	-0.499398
7.0125	-0.499384
7.0375	-0.499355
7.0625	-0.499341
7.0875	-0.499327
7.1125	-0.499313
7.1375	-0.499298
7.1625	-0.499284
7.1875	-0.49927
7.2125	-0.499256
7.2375	-0.499242
7.2625	-0.499213
7.2875	-0.499199
7.3125	-0.499185
7.3375	-0.49917
7.3625	-0.499156
7.3875	-0.499142
7.4125	-0.499128
7.4375	-0.499114
7.4625	-0.499099
7.4875	-0.499085
7.5125	-0.499057
7.5375	-0.499043
7.5625	-0.499028
7.5875	-0.499014
7.6125	-0.499
7.6375	-0.498986
7.6625	-0.498972
7.6875	-0.498957
7.7125	-0.498943
7.7375	-0.498929
7.7625	-0.498915
7.7875	-0.498886
7.8125	-0.498872
7.8375	-0.498858
7.8625	-0.498844
7.8875	-0.498829
7.9125	-0.498815
7.9375	-0.498801
7.9625	-0.498787
7.9875	-0.498773
8.0125	-0.498758
8.0375	-0.498744
8.0625	-0.49873
8.0875	-0.498716
8.1125	-0.498687
8.1375	-0.498673
8.1625	-0.498659
8.1875	-0.498645
8.2125	-0.49863
8.2375	-0.498616
8.2625	-0.498602
8.2875	-0.498588
8.3125	-0.498574
8.3375	-0.498559
8.3625	-0.498545
8.3875	-0.498531
8.4125	-0.498517
8.4375	-0.498503
8.4625	-0.498488
8.4875	-0.49846
8.5125	-0.498446
8.5375	-0.498432
8.5625	-0.498417
8.5875	-0.498403
8.6125	-0.498389
8.6375	-0.498375
8.6625	-0.49836
8.6875	-0.498346
8.7125	-0.498332
8.7375	-0.498318
8.7625	-0.498304
8.7875	-0.498289
8.8125	-0.498275
8.8375	-0.498261
8.8625	-0.498247
8.8875	-0.498233
8.9125	-0.498218
8.9375	-0.498204
8.9625	-0.49819
8.9875	-0.498176
9.0125	-0.498162
9.0375	-0.498133
9.0625	-0.498119
9.0875	-0.498105
9.1125	-0.49809
9.1375	-0.498076
9.1625	-0.498062
9.1875	-0.498048
9.2125	-0.498034
9.2375	-0.498019
9.2625	-0.498005
9.2875	-0.497991
9.3125	-0.497977
9.3375	-0.497963
9.3625	-0.497948
9.3875	-0.497934
9.4125	-0.49792
9.4375	-0.497906
9.4625	-0.497892
9.4875	-0.497877
9.5125	-0.497863
9.5375	-0.497849
9.5625	-0.497835
9.5875	-0.49782
9.6125	-0.497806
9.6375	-0.497792
9.6625	-0.497778
9.6875	-0.497764
9.7125	-0.497749
9.7375	-0.497735
9.7625	-0.497721
9.7875	-0.497707
9.8125	-0.497693
9.8375	-0.497678
9.8625	-0.497664
9.8875	-0.49765
9.9125	-0.497636
9.9375	-0.497622
9.9625	-0.497607
9.9875	-0.497593
10.0125	-0.497579
10.0375	-0.497565
10.0625	-0.49755
10.0875	-0.497536
10.1125	-0.497522
10.1375	-0.497508
10.1625	-0.497494
10.1875	-0.497479
10.2125	-0.497465
10.2375	-0.497451
10.2625	-0.497437
10.2875	-0.497423
10.3125	-0.497408
10.3375	-0.497394
10.3625	-0.49738
10.3875	-0.497366
10.4125	-0.497351
10.4375	-0.497337
10.4625	-0.497323
10.4875	-0.497309
10.5125	-0.497295
10.5375	-0.49728
10.5625	-0.497266
10.5875	-0.497252
10.6125	-0.497238
10.6375	-0.497224
10.6625	-0.497209
10.6875	-0.497195
10.7125	-0.497181
10.7375	-0.497167
10.7625	-0.497153
10.7875	-0.497138
10.8125	-0.497124
10.8375	-0.49711
10.8625	-0.497096
10.8875	-0.497081
10.9125	-0.497067
10.9375	-0.497053
10.9625	-0.497039
10.9875	-0.497025
11.0125	-0.497025
11.0375	-0.49701
11.0625	-0.496996
11.0875	-0.496982
11.1125	-0.496968
11.1375	-0.496954
11.1625	-0.496939
11.1875	-0.496925
11.2125	-0.496911
11.2375	-0.496897
11.2625	-0.496883
11.2875	-0.496868
11.3125	-0.496854
11.3375	-0.49684
11.3625	-0.496826
11.3875	-0.496811
11.4125	-0.496811
11.4375	-0.496797
11.4625	-0.496783
11.4875	-0.496769
11.5125	-0.496755
11.5375	-0.496755
11.5625	-0.49674
11.5875	-0.496726
11.6125	-0.496726
11.6375	-0.496712
11.6625	-0.496698
11.6875	-0.496698
11.7125	-0.496684
11.7375	-0.496684
11.7625	-0.496684
11.7875	-0.496669
11.8125	-0.496669
11.8375	-0.496669
11.8625	-0.496655
11.8875	-0.496655
11.9125	-0.496655
11.9375	-0.496655
11.9625	-0.496655
11.9875	-0.496655
12.0125	-0.496655
12.0375	-0.496655
12.0625	-0.496669
12.0875	-0.496669
12.1125	-0.496669
12.1375	-0.496669
12.1625	-0.496684
12.1875	-0.496684
12.2125	-0.496698
12.2375	-0.496698
12.2625	-0.496712
12.2875	-0.496712
12.3125	-0.496726
12.3375	-0.49674
12.3625	-0.49674
12.3875	-0.496755
12.4125	-0.496769
12.4375	-0.496783
12.4625	-0.496797
12.4875	-0.496811
12.5125	-0.496826
12.5375	-0.49684
12.5625	-0.496854
12.5875	-0.496868
12.6125	-0.496883
12.6375	-0.496897
12.6625	-0.496911
12.6875	-0.496925
12.7125	-0.496954
12.7375	-0.496968
12.7625	-0.496982
12.7875	-0.49701
12.8125	-0.497025
12.8375	-0.497039
12.8625	-0.497067
12.8875	-0.497081
12.9125	-0.49711
12.9375	-0.497124
12.9625	-0.497153
12.9875	-0.497167
13.0125	-0.497195
13.0375	-0.497209
13.0625	-0.497238
13.0875	-0.497252
13.1125	-0.49728
13.1375	-0.497309
13.1625	-0.497323
13.1875	-0.497351
13.2125	-0.49738
13.2375	-0.497408
13.2625	-0.497437
13.2875	-0.497465
13.3125	-0.497508
13.3375	-0.497536
13.3625	-0.497579
13.3875	-0.497636
13.4125	-0.497678
13.4375	-0.497735
13.4625	-0.497792
13.4875	-0.497863
13.5125	-0.497934
13.5375	-0.498005
13.5625	-0.498076
13.5875	-0.498176
13.6125	-0.498261
13.6375	-0.49836
13.6625	-0.49846
13.6875	-0.498574
13.7125	-0.498687
13.7375	-0.498801
13.7625	-0.498929
13.7875	-0.499057
13.8125	-0.499185
13.8375	-0.499327
13.8625	-0.499469
13.8875	-0.499625
13.9125	-0.499767
13.9375	-0.499924
13.9625	-0.500094
13.9875	-0.500251
14.0125	-0.500421
14.0375	-0.500592
14.0625	-0.500776
14.0875	-0.500947
14.1125	-0.501132
14.1375	-0.501316
14.1625	-0.501501
14.1875	-0.5017
14.2125	-0.501885
14.2375	-0.502084
14.2625	-0.502283
14.2875	-0.502482
14.3125	-0.502681
14.3375	-0.50288
14.3625	-0.503078
14.3875	-0.503277
14.4125	-0.503476
14.4375	-0.50369
14.4625	-0.503888
14.4875	-0.504102
14.5125	-0.504301
14.5375	-0.5045
14.5625	-0.504713
14.5875	-0.504912
14.6125	-0.505125
14.6375	-0.505324
14.6625	-0.505537
14.6875	-0.505736
14.7125	-0.505935
14.7375	-0.506148
14.7625	-0.506347
14.7875	-0.506546
14.8125	-0.506745
14.8375	-0.506944
14.8625	-0.507143
14.8875	-0.507342
14.9125	-0.507541
14.9375	-0.507725
14.9625	-0.507924
14.9875	-0.508109
15.0125	-0.508308
15.0375	-0.508493
15.0625	-0.508678
15.0875	-0.508862
15.1125	-0.509047
15.1375	-0.509218
15.1625	-0.509402
15.1875	-0.509587
15.2125	-0.509758
15.2375	-0.509928
15.2625	-0.510099
15.2875	-0.510269
15.3125	-0.51044
15.3375	-0.510596
15.3625	-0.510767
15.3875	-0.510923
15.4125	-0.511079
15.4375	-0.511235
15.4625	-0.511392
15.4875	-0.511548
15.5125	-0.511704
15.5375	-0.511847
15.5625	-0.511989
15.5875	-0.512131
15.6125	-0.512273
15.6375	-0.512415
15.6625	-0.512557
15.6875	-0.512685
15.7125	-0.512813
15.7375	-0.512941
15.7625	-0.513069
15.7875	-0.513197
15.8125	-0.513324
15.8375	-0.513438
15.8625	-0.513566
15.8875	-0.51368
15.9125	-0.513793
15.9375	-0.513907
15.9625	-0.514007
15.9875	-0.51412
16.0125	-0.51422
16.0375	-0.514319
16.0625	-0.514419
16.0875	-0.514518
16.1125	-0.514618
16.1375	-0.514703
16.1625	-0.514802
16.1875	-0.514888
16.2125	-0.514973
16.2375	-0.515058
16.2625	-0.515143
16.2875	-0.515215
16.3125	-0.5153
16.3375	-0.515371
16.3625	-0.515442
16.3875	-0.515513
16.4125	-0.515584
16.4375	-0.515655
16.4625	-0.515712
16.4875	-0.515783
16.5125	-0.51584
16.5375	-0.515897
16.5625	-0.515953
16.5875	-0.51601
16.6125	-0.516067
16.6375	-0.51611
16.6625	-0.516167
16.6875	-0.516209
16.7125	-0.516252
16.7375	-0.516295
16.7625	-0.516337
16.7875	-0.51638
16.8125	-0.516408
16.8375	-0.516451
16.8625	-0.516479
16.8875	-0.516508
16.9125	-0.516536
16.9375	-0.516565
16.9625	-0.516593
16.9875	-0.516621
17.0125	-0.516636
17.0375	-0.516664
17.0625	-0.516678
17.0875	-0.516692
17.1125	-0.516707
17.1375	-0.516721
17.1625	-0.516735
17.1875	-0.516749
17.2125	-0.516749
17.2375	-0.516764
17.2625	-0.516764
17.2875	-0.516778
17.3125	-0.516778
17.3375	-0.516778
17.3625	-0.516778
17.3875	-0.516778
17.4125	-0.516764
17.4375	-0.516764
17.4625	-0.516764
17.4875	-0.516749
17.5125	-0.516735
17.5375	-0.516735
17.5625	-0.516721
17.5875	-0.516707
17.6125	-0.516692
17.6375	-0.516678
17.6625	-0.51665
17.6875	-0.516636
17.7125	-0.516621
17.7375	-0.516593
17.7625	-0.516565
17.7875	-0.51655
17.8125	-0.516522
17.8375	-0.516493
17.8625	-0.516465
17.8875	-0.516437
17.9125	-0.516408
17.9375	-0.51638
17.9625	-0.516351
17.9875	-0.516309
18.0125	-0.51628
18.0375	-0.516238
18.0625	-0.516209
18.0875	-0.516167
18.1125	-0.516124
18.1375	-0.516096
18.1625	-0.516053
18.1875	-0.51601
18.2125	-0.515968
18.2375	-0.515925
18.2625	-0.515882
18.2875	-0.515826
18.3125	-0.515783
18.3375	-0.51574
18.3625	-0.515683
18.3875	-0.515641
18.4125	-0.515598
18.4375	-0.515541
18.4625	-0.515485
18.4875	-0.515442
18.5125	-0.515385
18.5375	-0.515328
18.5625	-0.515271
18.5875	-0.515215
18.6125	-0.515158
18.6375	-0.515101
18.6625	-0.515044
18.6875	-0.514987
18.7125	-0.51493
18.7375	-0.514874
18.7625	-0.514802
18.7875	-0.514746
18.8125	-0.514689
18.8375	-0.514618
18.8625	-0.514561
18.8875	-0.51449
18.9125	-0.514433
18.9375	-0.514362
18.9625	-0.514305
18.9875	-0.514234
19.0125	-0.514163
19.0375	-0.514106
19.0625	-0.514035
19.0875	-0.513964
19.1125	-0.513893
19.1375	-0.513822
19.1625	-0.513751
19.1875	-0.51368
19.2125	-0.513609
19.2375	-0.513538
19.2625	-0.513467
19.2875	-0.513396
19.3125	-0.513324
19.3375	-0.513253
19.3625	-0.513182
19.3875	-0.513111
19.4125	-0.513026
19.4375	-0.512955
19.4625	-0.512884
19.4875	-0.512813
19.5125	-0.512728
19.5375	-0.512657
19.5625	-0.512571
19.5875	-0.5125
19.6125	-0.512429
19.6375	-0.512344
19.6625	-0.512273
19.6875	-0.512188
19.7125	-0.512117
19.7375	-0.512031
19.7625	-0.51196
19.7875	-0.511875
19.8125	-0.51179
19.8375	-0.511719
19.8625	-0.511633
19.8875	-0.511562
19.9125	-0.511477
19.9375	-0.511392
19.9625	-0.511321
19.9875	-0.511235
20.0125	-0.51115
20.0375	-0.511065
20.0625	-0.510994
20.0875	-0.510909
20.1125	-0.510823
20.1375	-0.510738
20.1625	-0.510667
20.1875	-0.510582
20.2125	-0.510497
20.2375	-0.510411
20.2625	-0.510326
20.2875	-0.510255
20.3125	-0.51017
20.3375	-0.510084
20.3625	-0.509999
20.3875	-0.509914
20.4125	-0.509829
20.4375	-0.509743
20.4625	-0.509672
20.4875	-0.509587
20.5125	-0.509502
20.5375	-0.509417
20.5625	-0.509331
20.5875	-0.509246
20.6125	-0.509161
20.6375	-0.509075
20.6625	-0.50899
20.6875	-0.508919
20.7125	-0.508834
20.7375	-0.508749
20.7625	-0.508663
20.7875	-0.508578
20.8125	-0.508493
20.8375	-0.508408
20.8625	-0.508322
20.8875	-0.508237
20.9125	-0.508152
20.9375	-0.508066
20.9625	-0.507995
20.9875	-0.50791
21.0125	-0.507825
21.0375	-0.50774
21.0625	-0.507654
21.0875	-0.507569
21.1125	-0.507484
21.1375	-0.507399
21.1625	-0.507313
21.1875	-0.507242
21.2125	-0.507157
21.2375	-0.507072
21.2625	-0.506986
21.2875	-0.506901
21.3125	-0.506816
21.3375	-0.506745
21.3625	-0.50666
21.3875	-0.506574
21.4125	-0.506489
21.4375	-0.506404
21.4625	-0.506319
21.4875	-0.506247
21.5125	-0.506162
21.5375	-0.506077
21.5625	-0.505992
21.5875	-0.505921
21.6125	-0.505835
21.6375	-0.50575
21.6625	-0.505665
21.6875	-0.505594
21.7125	-0.505509
21.7375	-0.505423
21.7625	-0.505338
21.7875	-0.505267
21.8125	-0.505182
21.8375	-0.505096
21.8625	-0.505025
21.8875	-0.50494
21.9125	-0.504869
21.9375	-0.504784
21.9625	-0.504699
21.9875	-0.504627
22.0125	-0.504542
22.0375	-0.504471
22.0625	-0.504386
22.0875	-0.504301
22.1125	-0.50423
22.1375	-0.504144
22.1625	-0.504073
22.1875	-0.503988
22.2125	-0.503917
22.2375	-0.503832
22.2625	-0.503761
22.2875	-0.503675
22.3125	-0.503604
22.3375	-0.503533
22.3625	-0.503448
22.3875	-0.503377
22.4125	-0.503292
22.4375	-0.503221
22.4625	-0.50315
22.4875	-0.503064
22.5125	-0.502993
22.5375	-0.502922
22.5625	-0.502837
22.5875	-0.502766
22.6125	-0.502695
22.6375	-0.502624
22.6625	-0.502538
22.6875	-0.502467
22.7125	-0.502396
22.7375	-0.502325
22.7625	-0.502254
22.7875	-0.502169
22.8125	-0.502098
22.8375	-0.502027
22.8625	-0.501956
22.8875	-0.501885
22.9125	-0.501814
22.9375	-0.501743
22.9625	-0.501672
22.9875	-0.501601
23.0125	-0.501529
23.0375	-0.501458
23.0625	-0.501387
23.0875	-0.501316
23.1125	-0.501245
23.1375	-0.501174
23.1625	-0.501117
23.1875	-0.501061
23.2125	-0.501004
23.2375	-0.500947
23.2625	-0.500904
23.2875	-0.500876
23.3125	-0.500847
23.3375	-0.500833
23.3625	-0.500819
23.3875	-0.500805
23.4125	-0.500819
23.4375	-0.500833
23.4625	-0.500847
23.4875	-0.500876
23.5125	-0.500904
23.5375	-0.500947
23.5625	-0.501004
23.5875	-0.501061
23.6125	-0.501117
23.6375	-0.501188
23.6625	-0.501274
23.6875	-0.501359
23.7125	-0.501444
23.7375	-0.501529
23.7625	-0.501629
23.7875	-0.501743
23.8125	-0.501842
23.8375	-0.501956
23.8625	-0.502069
23.8875	-0.502197
23.9125	-0.502325
23.9375	-0.502453
23.9625	-0.502581
23.9875	-0.502709
24.0125	-0.502851
24.0375	-0.502979
24.0625	-0.503121
24.0875	-0.503263
24.1125	-0.503405
24.1375	-0.503547
24.1625	-0.503704
24.1875	-0.503846
24.2125	-0.504002
24.2375	-0.504144
24.2625	-0.504301
24.2875	-0.504457
24.3125	-0.504599
24.3375	-0.504755
24.3625	-0.504912
24.3875	-0.505068
24.4125	-0.505224
24.4375	-0.505381
24.4625	-0.505537
24.4875	-0.505693
24.5125	-0.50585
24.5375	-0.506006
24.5625	-0.506162
24.5875	-0.506319
24.6125	-0.506475
24.6375	-0.506645
24.6625	-0.506802
24.6875	-0.506958
24.7125	-0.507114
24.7375	-0.507271
24.7625	-0.507427
24.7875	-0.507598
24.8125	-0.507754
24.8375	-0.50791
24.8625	-0.508066
24.8875	-0.508223
24.9125	-0.508379
24.9375	-0.508535
24.9625	-0.508706
24.9875	-0.508862
25.0125	-0.509019
25.0375	-0.509161
25.0625	-0.509317
25.0875	-0.509473
25.1125	-0.50963
25.1375	-0.509786
25.1625	-0.509942
25.1875	-0.510084
25.2125	-0.510241
25.2375	-0.510383
25.2625	-0.510539
25.2875	-0.510681
25.3125	-0.510823
25.3375	-0.51098
25.3625	-0.511122
25.3875	-0.511264
25.4125	-0.511406
25.4375	-0.511534
25.4625	-0.511676
25.4875	-0.511818
25.5125	-0.511946
25.5375	-0.512088
25.5625	-0.512216
25.5875	-0.512358
25.6125	-0.512486
25.6375	-0.512614
25.6625	-0.512742
25.6875	-0.512856
25.7125	-0.512983
25.7375	-0.513111
25.7625	-0.513225
25.7875	-0.513339
25.8125	-0.513467
25.8375	-0.51358
25.8625	-0.513694
25.8875	-0.513808
25.9125	-0.513907
25.9375	-0.514021
25.9625	-0.51412
25.9875	-0.514234
26.0125	-0.514333
26.0375	-0.514433
26.0625	-0.514532
26.0875	-0.514618
26.1125	-0.514717
26.1375	-0.514817
26.1625	-0.514902
26.1875	-0.514987
26.2125	-0.515072
26.2375	-0.515158
26.2625	-0.515243
26.2875	-0.515328
26.3125	-0.515399
26.3375	-0.515485
26.3625	-0.515556
26.3875	-0.515627
26.4125	-0.515698
26.4375	-0.515769
26.4625	-0.51584
26.4875	-0.515897
26.5125	-0.515968
26.5375	-0.516025
26.5625	-0.516081
26.5875	-0.516138
26.6125	-0.516195
26.6375	-0.516252
26.6625	-0.516295
26.6875	-0.516351
26.7125	-0.516394
26.7375	-0.516437
26.7625	-0.516479
26.7875	-0.516522
26.8125	-0.516565
26.8375	-0.516607
26.8625	-0.516636
26.8875	-0.516664
26.9125	-0.516707
26.9375	-0.516735
26.9625	-0.516764
26.9875	-0.516792
27.0125	-0.516806
27.0375	-0.516835
27.0625	-0.516849
27.0875	-0.516877
27.1125	-0.516891
27.1375	-0.516906
27.1625	-0.51692
27.1875	-0.516934
27.2125	-0.516948
27.2375	-0.516948
27.2625	-0.516962
27.2875	-0.516962
27.3125	-0.516962
27.3375	-0.516962
27.3625	-0.516962
27.3875	-0.516962
27.4125	-0.516962
27.4375	-0.516962
27.4625	-0.516948
27.4875	-0.516948
27.5125	-0.516934
27.5375	-0.51692
27.5625	-0.516906
27.5875	-0.516891
27.6125	-0.516877
27.6375	-0.516863
27.6625	-0.516849
27.6875	-0.51682
27.7125	-0.516806
27.7375	-0.516778
27.7625	-0.516749
27.7875	-0.516735
27.8125	-0.516707
27.8375	-0.516678
27.8625	-0.51665
27.8875	-0.516607
27.9125	-0.516579
27.9375	-0.51655
27.9625	-0.516508
27.9875	-0.516479
28.0125	-0.516437
28.0375	-0.516394
28.0625	-0.516351
28.0875	-0.516309
28.1125	-0.516266
28.1375	-0.516223
28.1625	-0.516181
28.1875	-0.516138
28.2125	-0.516096
28.2375	-0.516039
28.2625	-0.515996
28.2875	-0.515939
28.3125	-0.515882
28.3375	-0.51584
28.3625	-0.515783
28.3875	-0.515726
28.4125	-0.515669
28.4375	-0.515612
28.4625	-0.515556
28.4875	-0.515499
28.5125	-0.515428
28.5375	-0.515371
28.5625	-0.515314
28.5875	-0.515243
28.6125	-0.515186
28.6375	-0.515115
28.6625	-0.515058
28.6875	-0.514987
28.7125	-0.514916
28.7375	-0.514859
28.7625	-0.514788
28.7875	-0.514717
28.8125	-0.514646
28.8375	-0.514575
28.8625	-0.514504
28.8875	-0.514433
28.9125	-0.514348
28.9375	-0.514277
28.9625	-0.514206
28.9875	-0.514135
29.0125	-0.514049
29.0375	-0.513978
29.0625	-0.513893
29.0875	-0.513822
29.1125	-0.513737
29.1375	-0.513666
29.1625	-0.51358
29.1875	-0.513495
29.2125	-0.513424
29.2375	-0.513339
29.2625	-0.513253
29.2875	-0.513168
29.3125	-0.513083
29.3375	-0.513012
29.3625	-0.512927
29.3875	-0.512841
29.4125	-0.512756
29.4375	-0.512671
29.4625	-0.512571
29.4875	-0.512486
29.5125	-0.512401
29.5375	-0.512316
29.5625	-0.51223
29.5875	-0.512145
29.6125	-0.512046
29.6375	-0.51196
29.6625	-0.511875
29.6875	-0.511775
29.7125	-0.51169
29.7375	-0.511605
29.7625	-0.511505
29.7875	-0.51142
29.8125	-0.511321
29.8375	-0.511235
29.8625	-0.511136
29.8875	-0.511051
29.9125	-0.510951
29.9375	-0.510866
29.9625	-0.510767
29.9875	-0.510681
30.0125	-0.510582
30.0375	-0.510482
30.0625	-0.510397
30.0875	-0.510298
30.1125	-0.510198
30.1375	-0.510113
30.1625	-0.510013
30.1875	-0.509914
30.2125	-0.509829
30.2375	-0.509729
30.2625	-0.50963
30.2875	-0.50953
30.3125	-0.509445
30.3375	-0.509345
30.3625	-0.509246
30.3875	-0.509147
30.4125	-0.509061
30.4375	-0.508962
30.4625	-0.508862
30.4875	-0.508763
30.5125	-0.508663
30.5375	-0.508578
30.5625	-0.508479
30.5875	-0.508379
30.6125	-0.50828
30.6375	-0.50818
30.6625	-0.508081
30.6875	-0.507981
30.7125	-0.507896
30.7375	-0.507796
30.7625	-0.507697
30.7875	-0.507598
30.8125	-0.507498
30.8375	-0.507399
30.8625	-0.507313
30.8875	-0.507214
30.9125	-0.507114
30.9375	-0.507015
30.9625	-0.506915
30.9875	-0.506816
31.0125	-0.506731
31.0375	-0.506631
31.0625	-0.506532
31.0875	-0.506432
31.1125	-0.506333
31.1375	-0.506233
31.1625	-0.506148
31.1875	-0.506049
31.2125	-0.505949
31.2375	-0.50585
31.2625	-0.505764
31.2875	-0.505665
31.3125	-0.505565
31.3375	-0.505466
31.3625	-0.505366
31.3875	-0.505281
31.4125	-0.505182
31.4375	-0.505082
31.4625	-0.504997
31.4875	-0.504897
31.5125	-0.504798
31.5375	-0.504713
31.5625	-0.504613
31.5875	-0.504514
31.6125	-0.504429
31.6375	-0.504329
31.6625	-0.50423
31.6875	-0.504144
31.7125	-0.504045
31.7375	-0.503945
31.7625	-0.50386
31.7875	-0.503761
31.8125	-0.503675
31.8375	-0.503576
31.8625	-0.503491
31.8875	-0.503391
31.9125	-0.503306
31.9375	-0.503206
31.9625	-0.503121
31.9875	-0.503022
32.0125	-0.502936
32.0375	-0.502837
32.0625	-0.502752
32.0875	-0.502652
32.1125	-0.502567
32.1375	-0.502482
32.1625	-0.502382
32.1875	-0.502297
32.2125	-0.502212
32.2375	-0.502112
32.2625	-0.502027
32.2875	-0.501942
32.3125	-0.501842
32.3375	-0.501757
32.3625	-0.501672
32.3875	-0.501586
32.4125	-0.501501
32.4375	-0.501402
32.4625	-0.501316
32.4875	-0.501231
32.5125	-0.501146
32.5375	-0.501061
32.5625	-0.500975
32.5875	-0.50089
32.6125	-0.500805
32.6375	-0.500719
32.6625	-0.500634
32.6875	-0.500549
32.7125	-0.500464
32.7375	-0.500393
32.7625	-0.500307
32.7875	-0.500222
32.8125	-0.500137
32.8375	-0.500066
32.8625	-0.499981
32.8875	-0.499895
32.9125	-0.499824
32.9375	-0.499739
32.9625	-0.499668
32.9875	-0.499583
33.0125	-0.500009
33.0375	-0.501117
33.0625	-0.502467
33.0875	-0.503903
33.1125	-0.505338
33.1375	-0.506787
33.1625	-0.508209
33.1875	-0.509601
33.2125	-0.51098
33.2375	-0.512316
33.2625	-0.513623
33.2875	-0.514902
33.3125	-0.516152
33.3375	-0.517375
33.3625	-0.518568
33.3875	-0.519734
33.4125	-0.52087
33.4375	-0.521979
33.4625	-0.523045
33.4875	-0.524096
33.5125	-0.525119
33.5375	-0.526114
33.5625	-0.527081
33.5875	-0.528019
33.6125	-0.528942
33.6375	-0.529823
33.6625	-0.53069
33.6875	-0.531529
33.7125	-0.532353
33.7375	-0.533134
33.7625	-0.533902
33.7875	-0.534655
33.8125	-0.53538
33.8375	-0.536076
33.8625	-0.536758
33.8875	-0.537412
33.9125	-0.538051
33.9375	-0.538677
33.9625	-0.539274
33.9875	-0.539842
34.0125	-0.540396
34.0375	-0.540936
34.0625	-0.541462
34.0875	-0.541959
34.1125	-0.542443
34.1375	-0.542897
34.1625	-0.543352
34.1875	-0.543778
34.2125	-0.54419
34.2375	-0.544588
34.2625	-0.544972
34.2875	-0.545342
34.3125	-0.545683
34.3375	-0.546024
34.3625	-0.546336
34.3875	-0.546635
34.4125	-0.546933
34.4375	-0.547203
34.4625	-0.547473
34.4875	-0.547715
34.5125	-0.547956
34.5375	-0.548169
34.5625	-0.548383
34.5875	-0.548582
34.6125	-0.548766
34.6375	-0.548937
34.6625	-0.549093
34.6875	-0.54925
34.7125	-0.549377
34.7375	-0.549505
34.7625	-0.549633
34.7875	-0.549733
34.8125	-0.549832
34.8375	-0.549917
34.8625	-0.549989
34.8875	-0.55006
34.9125	-0.550116
34.9375	-0.550159
34.9625	-0.550202
34.9875	-0.55023
35.0125	-0.550244
35.0375	-0.550259
35.0625	-0.550259
35.0875	-0.550259
35.1125	-0.550244
35.1375	-0.55023
35.1625	-0.550202
35.1875	-0.550159
35.2125	-0.550116
35.2375	-0.550074
35.2625	-0.550017
35.2875	-0.54996
35.3125	-0.549889
35.3375	-0.549804
35.3625	-0.549733
35.3875	-0.549633
35.4125	-0.549548
35.4375	-0.549448
35.4625	-0.549335
35.4875	-0.549235
35.5125	-0.549107
35.5375	-0.548994
35.5625	-0.548866
35.5875	-0.548738
35.6125	-0.548596
35.6375	-0.548454
35.6625	-0.548312
35.6875	-0.548169
35.7125	-0.548013
35.7375	-0.547857
35.7625	-0.547686
35.7875	-0.547516
35.8125	-0.547345
35.8375	-0.547175
35.8625	-0.547004
35.8875	-0.54682
35.9125	-0.546635
35.9375	-0.54645
35.9625	-0.546251
35.9875	-0.546066
36.0125	-0.545867
36.0375	-0.545668
36.0625	-0.545455
36.0875	-0.545256
36.1125	-0.545043
36.1375	-0.54483
36.1625	-0.544617
36.1875	-0.544404
36.2125	-0.54419
36.2375	-0.543963
36.2625	-0.543736
36.2875	-0.543508
36.3125	-0.543295
36.3375	-0.543054
36.3625	-0.542826
36.3875	-0.542599
36.4125	-0.542357
36.4375	-0.54213
36.4625	-0.541888
36.4875	-0.541647
36.5125	-0.541405
36.5375	-0.541164
36.5625	-0.540922
36.5875	-0.54068
36.6125	-0.540439
36.6375	-0.540183
36.6625	-0.539941
36.6875	-0.539686
36.7125	-0.539444
36.7375	-0.539188
36.7625	-0.538932
36.7875	-0.538677
36.8125	-0.538435
36.8375	-0.538179
36.8625	-0.537923
36.8875	-0.537668
36.9125	-0.537412
36.9375	-0.537156
36.9625	-0.5369
36.9875	-0.536645
37.0125	-0.536375
37.0375	-0.536119
37.0625	-0.535863
37.0875	-0.535607
37.1125	-0.535351
37.1375	-0.535081
37.1625	-0.534826
37.1875	-0.53457
37.2125	-0.534314
37.2375	-0.534044
37.2625	-0.533788
37.2875	-0.533532
37.3125	-0.533262
37.3375	-0.533007
37.3625	-0.532751
37.3875	-0.532495
37.4125	-0.532225
37.4375	-0.531969
37.4625	-0.531713
37.4875	-0.531458
37.5125	-0.531202
37.5375	-0.530946
37.5625	-0.530676
37.5875	-0.53042
37.6125	-0.530164
37.6375	-0.529909
37.6625	-0.529653
37.6875	-0.529397
37.7125	-0.529141
37.7375	-0.528885
37.7625	-0.52863
37.7875	-0.528388
37.8125	-0.528132
37.8375	-0.527876
37.8625	-0.527621
37.8875	-0.527379
37.9125	-0.527123
37.9375	-0.526867
37.9625	-0.526626
37.9875	-0.52637
38.0125	-0.526128
38.0375	-0.525887
38.0625	-0.525631
38.0875	-0.525389
38.1125	-0.525148
38.1375	-0.524892
38.1625	-0.524651
38.1875	-0.524409
38.2125	-0.524167
38.2375	-0.523926
38.2625	-0.523684
38.2875	-0.523457
38.3125	-0.523215
38.3375	-0.522974
38.3625	-0.522732
38.3875	-0.522505
38.4125	-0.522263
38.4375	-0.522036
38.4625	-0.521794
38.4875	-0.521567
38.5125	-0.521339
38.5375	-0.521098
38.5625	-0.52087
38.5875	-0.520643
38.6125	-0.520416
38.6375	-0.520188
38.6625	-0.519961
38.6875	-0.519748
38.7125	-0.51952
38.7375	-0.519293
38.7625	-0.51908
38.7875	-0.518853
38.8125	-0.518625
38.8375	-0.518412
38.8625	-0.518199
38.8875	-0.517971
38.9125	-0.517758
38.9375	-0.517545
38.9625	-0.517332
38.9875	-0.517119
39.0125	-0.516906
39.0375	-0.516692
39.0625	-0.516493
39.0875	-0.51628
39.1125	-0.516067
39.1375	-0.515868
39.1625	-0.515655
39.1875	-0.515456
39.2125	-0.515257
39.2375	-0.515044
39.2625	-0.514845
39.2875	-0.514646
39.3125	-0.514447
39.3375	-0.514248
39.3625	-0.514049
39.3875	-0.51385
39.4125	-0.513666
39.4375	-0.513467
39.4625	-0.513268
39.4875	-0.513083
39.5125	-0.512884
39.5375	-0.512699
39.5625	-0.512514
39.5875	-0.512316
39.6125	-0.512131
39.6375	-0.511946
39.6625	-0.511761
39.6875	-0.511577
39.7125	-0.511392
39.7375	-0.511221
39.7625	-0.511037
39.7875	-0.510852
39.8125	-0.510681
39.8375	-0.510497
39.8625	-0.510326
39.8875	-0.510141
39.9125	-0.509971
39.9375	-0.5098
39.9625	-0.50963
39.9875	-0.509459
40.0125	-0.509274
40.0375	-0.509118
40.0625	-0.508948
40.0875	-0.508777
40.1125	-0.508606
40.1375	-0.508436
40.1625	-0.50828
40.1875	-0.508109
40.2125	-0.507953
40.2375	-0.507796
40.2625	-0.507626
40.2875	-0.50747
40.3125	-0.507313
40.3375	-0.507157
40.3625	-0.507001
40.3875	-0.506844
40.4125	-0.506688
40.4375	-0.506532
40.4625	-0.506375
40.4875	-0.506219
40.5125	-0.506077
40.5375	-0.505921
40.5625	-0.505779
40.5875	-0.505622
40.6125	-0.50548
40.6375	-0.505338
40.6625	-0.505182
40.6875	-0.50504
40.7125	-0.504897
40.7375	-0.504755
40.7625	-0.504613
40.7875	-0.504471
40.8125	-0.504329
40.8375	-0.504187
40.8625	-0.504059
40.8875	-0.503917
40.9125	-0.503775
40.9375	-0.503647
40.9625	-0.503505
40.9875	-0.503377
41.0125	-0.503235
41.0375	-0.503107
41.0625	-0.502979
41.0875	-0.502851
41.1125	-0.502709
41.1375	-0.502581
41.1625	-0.502453
41.1875	-0.502325
41.2125	-0.502197
41.2375	-0.502084
41.2625	-0.501956
41.2875	-0.501828
41.3125	-0.5017
41.3375	-0.501586
41.3625	-0.501458
41.3875	-0.501345
41.4125	-0.501217
41.4375	-0.501103
41.4625	-0.500975
41.4875	-0.500862
41.5125	-0.500748
41.5375	-0.500634
41.5625	-0.500521
41.5875	-0.500407
41.6125	-0.500293
41.6375	-0.500179
41.6625	-0.500066
41.6875	-0.499952
41.7125	-0.499838
41.7375	-0.499725
41.7625	-0.499625
41.7875	-0.499512
41.8125	-0.499398
41.8375	-0.499298
41.8625	-0.499185
41.8875	-0.499085
41.9125	-0.498972
41.9375	-0.498872
41.9625	-0.498773
41.9875	-0.498659
42.0125	-0.498559
42.0375	-0.49846
42.0625	-0.49836
42.0875	-0.498261
42.1125	-0.498162
42.1375	-0.498062
42.1625	-0.497963
42.1875	-0.497863
42.2125	-0.497764
42.2375	-0.497664
42.2625	-0.497579
42.2875	-0.497479
42.3125	-0.49738
42.3375	-0.497295
42.3625	-0.497195
42.3875	-0.49711
42.4125	-0.49701
42.4375	-0.496925
42.4625	-0.496826
42.4875	-0.49674
42.5125	-0.496655
42.5375	-0.496556
42.5625	-0.49647
42.5875	-0.496385
42.6125	-0.4963
42.6375	-0.496215
42.6625	-0.496129
42.6875	-0.496044
42.7125	-0.495959
42.7375	-0.495874
42.7625	-0.495788
42.7875	-0.495703
42.8125	-0.495618
42.8375	-0.495533
42.8625	-0.495461
42.8875	-0.495376
42.9125	-0.495291
42.9375	-0.49522
42.9625	-0.495135
42.9875	-0.495049
43.0125	-0.494978
43.0375	-0.494893
43.0625	-0.494822
43.0875	-0.494751
43.1125	-0.494666
43.1375	-0.494595
43.1625	-0.494524
43.1875	-0.494438
43.2125	-0.494367
43.2375	-0.494296
43.2625	-0.494225
43.2875	-0.494154
43.3125	-0.494069
43.3375	-0.493998
43.3625	-0.493927
43.3875	-0.493856
43.4125	-0.493785
43.4375	-0.493714
43.4625	-0.493642
43.4875	-0.493586
43.5125	-0.493515
43.5375	-0.493444
43.5625	-0.493372
43.5875	-0.493301
43.6125	-0.493245
43.6375	-0.493174
43.6625	-0.493102
43.6875	-0.493046
43.7125	-0.492975
43.7375	-0.492904
43.7625	-0.492847
43.7875	-0.492776
43.8125	-0.492719
43.8375	-0.492648
43.8625	-0.492591
43.8875	-0.492534
43.9125	-0.492463
43.9375	-0.492406
43.9625	-0.492349
43.9875	-0.492278
44.0125	-0.492236
44.0375	-0.492264
44.0625	-0.492349
44.0875	-0.492548
44.1125	-0.492818
44.1375	-0.493174
44.1625	-0.493586
44.1875	-0.494069
44.2125	-0.494595
44.2375	-0.495163
44.2625	-0.49576
44.2875	-0.496385
44.3125	-0.497039
44.3375	-0.497707
44.3625	-0.498375
44.3875	-0.499071
44.4125	-0.499767
44.4375	-0.500478
44.4625	-0.501188
44.4875	-0.501899
44.5125	-0.502609
44.5375	-0.503306
44.5625	-0.504016
44.5875	-0.504713
44.6125	-0.505409
44.6375	-0.506091
44.6625	-0.506773
44.6875	-0.507441
44.7125	-0.508109
44.7375	-0.508763
44.7625	-0.509402
44.7875	-0.510042
44.8125	-0.510667
44.8375	-0.511278
44.8625	-0.511875
44.8875	-0.512472
44.9125	-0.51304
44.9375	-0.513609
44.9625	-0.514163
44.9875	-0.514717
45.0125	-0.515243
45.0375	-0.515769
45.0625	-0.51628
45.0875	-0.516778
45.1125	-0.517261
45.1375	-0.51773
45.1625	-0.518199
45.1875	-0.518639
45.2125	-0.51908
45.2375	-0.519506
45.2625	-0.519933
45.2875	-0.52033
45.3125	-0.520728
45.3375	-0.521112
45.3625	-0.521482
45.3875	-0.521837
45.4125	-0.522192
45.4375	-0.522533
45.4625	-0.52286
45.4875	-0.523173
45.5125	-0.523485
45.5375	-0.523784
45.5625	-0.524068
45.5875	-0.524352
45.6125	-0.524622
45.6375	-0.524878
45.6625	-0.525134
45.6875	-0.525375
45.7125	-0.525603
45.7375	-0.52583
45.7625	-0.526043
45.7875	-0.526242
45.8125	-0.526441
45.8375	-0.526626
45.8625	-0.526811
45.8875	-0.526981
45.9125	-0.527137
45.9375	-0.527294
45.9625	-0.52745
45.9875	-0.527578
46.0125	-0.52772
46.0375	-0.527834
46.0625	-0.527962
46.0875	-0.528061
46.1125	-0.528175
46.1375	-0.52826
46.1625	-0.52836
46.1875	-0.528431
46.2125	-0.528516
46.2375	-0.528587
46.2625	-0.528644
46.2875	-0.528701
46.3125	-0.528743
46.3375	-0.5288
46.3625	-0.528829
46.3875	-0.528871
46.4125	-0.528885
46.4375	-0.528914
46.4625	-0.528928
46.4875	-0.528942
46.5125	-0.528942
46.5375	-0.528942
46.5625	-0.528942
46.5875	-0.528928
46.6125	-0.528914
46.6375	-0.5289
46.6625	-0.528871
46.6875	-0.528843
46.7125	-0.5288
46.7375	-0.528772
46.7625	-0.528729
46.7875	-0.528672
46.8125	-0.52863
46.8375	-0.528573
46.8625	-0.528516
46.8875	-0.528445
46.9125	-0.528388
46.9375	-0.528317
46.9625	-0.528232
46.9875	-0.528161
47.0125	-0.528075
47.0375	-0.52799
47.0625	-0.527905
47.0875	-0.52782
47.1125	-0.52772
47.1375	-0.527621
47.1625	-0.527521
47.1875	-0.527422
47.2125	-0.527308
47.2375	-0.527194
47.2625	-0.527081
47.2875	-0.526967
47.3125	-0.526853
47.3375	-0.52674
47.3625	-0.526612
47.3875	-0.526484
47.4125	-0.526356
47.4375	-0.526228
47.4625	-0.5261
47.4875	-0.525958
47.5125	-0.52583
47.5375	-0.525688
47.5625	-0.525546
47.5875	-0.525404
47.6125	-0.525262
47.6375	-0.525119
47.6625	-0.524963
47.6875	-0.524821
47.7125	-0.524665
47.7375	-0.524508
47.7625	-0.524352
47.7875	-0.524196
47.8125	-0.52404
47.8375	-0.523883
47.8625	-0.523713
47.8875	-0.523556
47.9125	-0.523386
47.9375	-0.523229
47.9625	-0.523059
47.9875	-0.522888
48.0125	-0.522718
48.0375	-0.522547
48.0625	-0.522377
48.0875	-0.522206
48.1125	-0.522036
48.1375	-0.521865
48.1625	-0.521695
48.1875	-0.52151
48.2125	-0.521339
48.2375	-0.521155
48.2625	-0.520984
48.2875	-0.520799
48.3125	-0.520615
48.3375	-0.520444
48.3625	-0.520259
48.3875	-0.520075
48.4125	-0.51989
48.4375	-0.519719
48.4625	-0.519535
48.4875	-0.51935
48.5125	-0.519165
48.5375	-0.51898
48.5625	-0.518796
48.5875	-0.518611
48.6125	-0.518426
48.6375	-0.518227
48.6625	-0.518043
48.6875	-0.517858
48.7125	-0.517673
48.7375	-0.517488
48.7625	-0.517304
48.7875	-0.517105
48.8125	-0.51692
48.8375	-0.516735
48.8625	-0.51655
48.8875	-0.516351
48.9125	-0.516167
48.9375	-0.515982
48.9625	-0.515797
48.9875	-0.515598
49.0125	-0.515413
49.0375	-0.515229
49.0625	-0.515044
49.0875	-0.514859
49.1125	-0.51466
49.1375	-0.514476
49.1625	-0.514291
49.1875	-0.514106
49.2125	-0.513907
49.2375	-0.513722
49.2625	-0.513538
49.2875	-0.513353
49.3125	-0.513168
49.3375	-0.512983
49.3625	-0.512799
49.3875	-0.512614
49.4125	-0.512429
49.4375	-0.51223
49.4625	-0.512046
49.4875	-0.511861
49.5125	-0.51169
49.5375	-0.511505
49.5625	-0.511321
49.5875	-0.511136
49.6125	-0.510951
49.6375	-0.510767
49.6625	-0.510582
49.6875	-0.510411
49.7125	-0.510227
49.7375	-0.510042
49.7625	-0.509857
49.7875	-0.509687
49.8125	-0.509502
49.8375	-0.509331
49.8625	-0.509147
49.8875	-0.508976
49.9125	-0.508791
49.9375	-0.508621
49.9625	-0.508436
49.9875	-0.508265
50.0125	-0.508095
50.0375	-0.50791
50.0625	-0.50774
50.0875	-0.507569
50.1125	-0.507399
50.1375	-0.507228
50.1625	-0.507043
50.1875	-0.506873
50.2125	-0.506702
50.2375	-0.506546
50.2625	-0.506375
50.2875	-0.506205
50.3125	-0.506034
50.3375	-0.505864
50.3625	-0.505693
50.3875	-0.505537
50.4125	-0.505366
50.4375	-0.505196
50.4625	-0.50504
50.4875	-0.504869
50.5125	-0.504713
50.5375	-0.504556
50.5625	-0.504386
50.5875	-0.50423
50.6125	-0.504073
50.6375	-0.503903
50.6625	-0.503746
50.6875	-0.50359
50.7125	-0.503434
50.7375	-0.503277
50.7625	-0.503121
50.7875	-0.502965
50.8125	-0.502808
50.8375	-0.502652
50.8625	-0.50251
50.8875	-0.502354
50.9125	-0.502197
50.9375	-0.502055
50.9625	-0.501899
50.9875	-0.501743
51.0125	-0.501601
51.0375	-0.501444
51.0625	-0.501302
51.0875	-0.50116
51.1125	-0.501004
51.1375	-0.500862
51.1625	-0.500719
51.1875	-0.500577
51.2125	-0.500435
51.2375	-0.500293
51.2625	-0.500151
51.2875	-0.500009
51.3125	-0.499881
51.3375	-0.499739
51.3625	-0.499611
51.3875	-0.499469
51.4125	-0.499341
51.4375	-0.499213
51.4625	-0.499085
51.4875	-0.498957
51.5125	-0.498829
51.5375	-0.498716
51.5625	-0.498588
51.5875	-0.498474
51.6125	-0.49836
51.6375	-0.498247
51.6625	-0.498133
51.6875	-0.498019
51.7125	-0.49792
51.7375	-0.49782
51.7625	-0.497707
51.7875	-0.497607
51.8125	-0.497508
51.8375	-0.497423
51.8625	-0.497323
51.8875	-0.497238
51.9125	-0.497153
51.9375	-0.497053
51.9625	-0.496968
51.9875	-0.496897
52.0125	-0.496811
52.0375	-0.496726
52.0625	-0.496655
52.0875	-0.496584
52.1125	-0.496513
52.1375	-0.496442
52.1625	-0.496371
52.1875	-0.4963
52.2125	-0.496243
52.2375	-0.496172
52.2625	-0.496115
52.2875	-0.496058
52.3125	-0.496001
52.3375	-0.495945
52.3625	-0.495888
52.3875	-0.495831
52.4125	-0.495774
52.4375	-0.495731
52.4625	-0.495689
52.4875	-0.495632
52.5125	-0.495589
52.5375	-0.495547
52.5625	-0.495504
52.5875	-0.495461
52.6125	-0.495419
52.6375	-0.495376
52.6625	-0.495348
52.6875	-0.495305
52.7125	-0.495277
52.7375	-0.495234
52.7625	-0.495206
52.7875	-0.495177
52.8125	-0.495135
52.8375	-0.495106
52.8625	-0.495078
52.8875	-0.495049
52.9125	-0.495021
52.9375	-0.494992
52.9625	-0.494978
52.9875	-0.49495
53.0125	-0.494893
53.0375	-0.49485
53.0625	-0.494822
53.0875	-0.494794
53.1125	-0.494779
53.1375	-0.494751
53.1625	-0.494737
53.1875	-0.494722
53.2125	-0.494694
53.2375	-0.49468
53.2625	-0.494666
53.2875	-0.494651
53.3125	-0.494651
53.3375	-0.494637
53.3625	-0.494623
53.3875	-0.494623
53.4125	-0.494623
53.4375	-0.494623
53.4625	-0.494623
53.4875	-0.494623
53.5125	-0.494623
53.5375	-0.494623
53.5625	-0.494637
53.5875	-0.494651
53.6125	-0.494651
53.6375	-0.494666
53.6625	-0.49468
53.6875	-0.494708
53.7125	-0.494722
53.7375	-0.494737
53.7625	-0.494765
53.7875	-0.494779
53.8125	-0.494808
53.8375	-0.494836
53.8625	-0.494865
53.8875	-0.494893
53.9125	-0.494921
53.9375	-0.49495
53.9625	-0.494978
53.9875	-0.495021
54.0125	-0.495049
54.0375	-0.495092
54.0625	-0.49512
54.0875	-0.495163
54.1125	-0.495206
54.1375	-0.495248
54.1625	-0.495277
54.1875	-0.495319
54.2125	-0.495362
54.2375	-0.495405
54.2625	-0.495447
54.2875	-0.49549
54.3125	-0.495533
54.3375	-0.495589
54.3625	-0.495632
54.3875	-0.495675
54.4125	-0.495717
54.4375	-0.49576
54.4625	-0.495817
54.4875	-0.495859
54.5125	-0.495902
54.5375	-0.495959
54.5625	-0.496001
54.5875	-0.496044
54.6125	-0.496101
54.6375	-0.496144
54.6625	-0.496186
54.6875	-0.496243
54.7125	-0.496286
54.7375	-0.496328
54.7625	-0.496385
54.7875	-0.496428
54.8125	-0.49647
54.8375	-0.496527
54.8625	-0.49657
54.8875	-0.496613
54.9125	-0.496655
54.9375	-0.496712
54.9625	-0.496755
54.9875	-0.496797
55.0125	-0.49684
55.0375	-0.496883
55.0625	-0.496925
55.0875	-0.496968
55.1125	-0.497025
55.1375	-0.497067
55.1625	-0.49711
55.1875	-0.497138
55.2125	-0.497181
55.2375	-0.497224
55.2625	-0.497266
55.2875	-0.497309
55.3125	-0.497351
55.3375	-0.49738
55.3625	-0.497423
55.3875	-0.497465
55.4125	-0.497494
55.4375	-0.497536
55.4625	-0.497565
55.4875	-0.497607
55.5125	-0.497636
55.5375	-0.497678
55.5625	-0.497707
55.5875	-0.497735
55.6125	-0.497778
55.6375	-0.497806
55.6625	-0.497835
55.6875	-0.497863
55.7125	-0.497892
55.7375	-0.49792
55.7625	-0.497948
55.7875	-0.497977
55.8125	-0.498005
55.8375	-0.498019
55.8625	-0.498048
55.8875	-0.498076
55.9125	-0.49809
55.9375	-0.498119
55.9625	-0.498147
55.9875	-0.498162
56.0125	-0.498176
56.0375	-0.498204
56.0625	-0.498218
56.0875	-0.498233
56.1125	-0.498261
56.1375	-0.498275
56.1625	-0.498289
56.1875	-0.498304
56.2125	-0.498318
56.2375	-0.498332
56.2625	-0.498346
56.2875	-0.498346
56.3125	-0.49836
56.3375	-0.498375
56.3625	-0.498375
56.3875	-0.498389
56.4125	-0.498403
56.4375	-0.498403
56.4625	-0.498403
56.4875	-0.498417
56.5125	-0.498417
56.5375	-0.498417
56.5625	-0.498432
56.5875	-0.498432
56.6125	-0.498432
56.6375	-0.498432
56.6625	-0.498432
56.6875	-0.498432
56.7125	-0.498432
56.7375	-0.498417
56.7625	-0.498417
56.7875	-0.498417
56.8125	-0.498417
56.8375	-0.498403
56.8625	-0.498403
56.8875	-0.498389
56.9125	-0.498389
56.9375	-0.498375
56.9625	-0.498375
56.9875	-0.49836
57.0125	-0.498346
57.0375	-0.498332
57.0625	-0.498332
57.0875	-0.498318
57.1125	-0.498304
57.1375	-0.498289
57.1625	-0.498275
57.1875	-0.498261
57.2125	-0.498233
57.2375	-0.498218
57.2625	-0.498204
57.2875	-0.49819
57.3125	-0.498162
57.3375	-0.498147
57.3625	-0.498133
57.3875	-0.498105
57.4125	-0.49809
57.4375	-0.498062
57.4625	-0.498048
57.4875	-0.498019
57.5125	-0.497991
57.5375	-0.497977
57.5625	-0.497948
57.5875	-0.49792
57.6125	-0.497892
57.6375	-0.497863
57.6625	-0.497849
57.6875	-0.49782
57.7125	-0.497792
57.7375	-0.497764
57.7625	-0.497721
57.7875	-0.497693
57.8125	-0.497664
57.8375	-0.497636
57.8625	-0.497607
57.8875	-0.497579
57.9125	-0.497536
57.9375	-0.497508
57.9625	-0.497479
57.9875	-0.497437
58.0125	-0.497408
58.0375	-0.497366
58.0625	-0.497337
58.0875	-0.497295
58.1125	-0.497266
58.1375	-0.497224
58.1625	-0.497181
58.1875	-0.497153
58.2125	-0.49711
58.2375	-0.497067
58.2625	-0.497039
58.2875	-0.496996
58.3125	-0.496954
58.3375	-0.496911
58.3625	-0.496868
58.3875	-0.496826
58.4125	-0.496783
58.4375	-0.49674
58.4625	-0.496698
58.4875	-0.496655
58.5125	-0.496613
58.5375	-0.49657
58.5625	-0.496527
58.5875	-0.496485
58.6125	-0.496442
58.6375	-0.496399
58.6625	-0.496357
58.6875	-0.4963
58.7125	-0.496257
58.7375	-0.496215
58.7625	-0.496172
58.7875	-0.496115
58.8125	-0.496073
58.8375	-0.49603
58.8625	-0.495973
58.8875	-0.49593
58.9125	-0.495874
58.9375	-0.495831
58.9625	-0.495788
58.9875	-0.495731
59.0125	-0.495689
59.0375	-0.495632
59.0625	-0.495589
59.0875	-0.495533
59.1125	-0.49549
59.1375	-0.495433
59.1625	-0.495376
59.1875	-0.495334
59.2125	-0.495277
59.2375	-0.49522
59.2625	-0.495177
59.2875	-0.49512
59.3125	-0.495078
59.3375	-0.495021
59.3625	-0.494964
59.3875	-0.494907
59.4125	-0.494865
59.4375	-0.494808
59.4625	-0.494751
59.4875	-0.494694
59.5125	-0.494651
59.5375	-0.494595
59.5625	-0.494538
59.5875	-0.494481
59.6125	-0.494424
59.6375	-0.494381
59.6625	-0.494325
59.6875	-0.494268
59.7125	-0.494211
59.7375	-0.494154
59.7625	-0.494097
59.7875	-0.49404
59.8125	-0.493984
59.8375	-0.493927
59.8625	-0.493884
59.8875	-0.493827
59.9125	-0.49377
59.9375	-0.493714
59.9625	-0.493657
59.9875	-0.4936
60.0125	-0.493543
60.0375	-0.493486
60.0625	-0.493429
60.0875	-0.493372
60.1125	-0.493316
60.1375	-0.493259
60.1625	-0.493202
60.1875	-0.493145
60.2125	-0.493088
60.2375	-0.493031
60.2625	-0.492975
60.2875	-0.492918
60.3125	-0.492861
60.3375	-0.492804
60.3625	-0.492747
60.3875	-0.49269
60.4125	-0.492633
60.4375	-0.492577
60.4625	-0.49252
60.4875	-0.492463
60.5125	-0.492406
60.5375	-0.492349
60.5625	-0.492292
60.5875	-0.492236
60.6125	-0.492179
60.6375	-0.492122
60.6625	-0.492065
60.6875	-0.492008
60.7125	-0.491951
60.7375	-0.491895
60.7625	-0.491838
60.7875	-0.491781
60.8125	-0.491724
60.8375	-0.491667
60.8625	-0.49161
60.8875	-0.491553
60.9125	-0.491497
60.9375	-0.49144
60.9625	-0.491383
60.9875	-0.491326
61.0125	-0.491269
61.0375	-0.491212
61.0625	-0.491156
61.0875	-0.491099
61.1125	-0.491042
61.1375	-0.490985
61.1625	-0.490928
61.1875	-0.490871
61.2125	-0.490815
61.2375	-0.490758
61.2625	-0.490701
61.2875	-0.490644
61.3125	-0.490587
61.3375	-0.49053
61.3625	-0.490473
61.3875	-0.490417
61.4125	-0.49036
61.4375	-0.490317
61.4625	-0.49026
61.4875	-0.490203
61.5125	-0.490147
61.5375	-0.49009
61.5625	-0.490033
61.5875	-0.489976
61.6125	-0.489919
61.6375	-0.489862
61.6625	-0.48982
61.6875	-0.489763
61.7125	-0.489706
61.7375	-0.489649
61.7625	-0.489592
61.7875	-0.489536
61.8125	-0.489479
61.8375	-0.489436
61.8625	-0.489379
61.8875	-0.489322
61.9125	-0.489266
61.9375	-0.489209
61.9625	-0.489166
61.9875	-0.489109
62.0125	-0.489052
62.0375	-0.488996
62.0625	-0.488953
62.0875	-0.488896
62.1125	-0.488839
62.1375	-0.488797
62.1625	-0.48874
62.1875	-0.488683
62.2125	-0.48864
62.2375	-0.488583
62.2625	-0.488541
62.2875	-0.488484
62.3125	-0.488441
62.3375	-0.488399
62.3625	-0.488356
62.3875	-0.488313
62.4125	-0.488271
62.4375	-0.488228
62.4625	-0.4882
62.4875	-0.488157
62.5125	-0.488129
62.5375	-0.488086
62.5625	-0.488058
62.5875	-0.488029
62.6125	-0.488001
62.6375	-0.487987
62.6625	-0.487958
62.6875	-0.487944
62.7125	-0.487915
62.7375	-0.487901
62.7625	-0.487887
62.7875	-0.487873
62.8125	-0.487859
62.8375	-0.487844
62.8625	-0.48783
62.8875	-0.487816
62.9125	-0.487816
62.9375	-0.487816
62.9625	-0.487802
62.9875	-0.487802
63.0125	-0.487802
63.0375	-0.487802
63.0625	-0.487802
63.0875	-0.487802
63.1125	-0.487802
63.1375	-0.487802
63.1625	-0.487816
63.1875	-0.487816
63.2125	-0.487816
63.2375	-0.48783
63.2625	-0.48783
63.2875	-0.487844
63.3125	-0.487859
63.3375	-0.487873
63.3625	-0.487873
63.3875	-0.487887
63.4125	-0.487901
63.4375	-0.487915
63.4625	-0.48793
63.4875	-0.487944
63.5125	-0.487958
63.5375	-0.487987
63.5625	-0.488001
63.5875	-0.488015
63.6125	-0.488029
63.6375	-0.488043
63.6625	-0.488072
63.6875	-0.488086
63.7125	-0.4881
63.7375	-0.488129
63.7625	-0.488143
63.7875	-0.488171
63.8125	-0.488185
63.8375	-0.488214
63.8625	-0.488228
63.8875	-0.488257
63.9125	-0.488271
63.9375	-0.488299
63.9625	-0.488313
63.9875	-0.488342
64.0125	-0.488356
64.0375	-0.488384
64.0625	-0.488399
64.0875	-0.488413
64.1125	-0.488441
64.1375	-0.488456
64.1625	-0.48847
64.1875	-0.488498
64.2125	-0.488512
64.2375	-0.488541
64.2625	-0.488555
64.2875	-0.488583
64.3125	-0.488598
64.3375	-0.488612
64.3625	-0.48864
64.3875	-0.488654
64.4125	-0.488683
64.4375	-0.488697
64.4625	-0.488726
64.4875	-0.48874
64.5125	-0.488768
64.5375	-0.488782
64.5625	-0.488811
64.5875	-0.488825
64.6125	-0.488839
64.6375	-0.488868
64.6625	-0.488882
64.6875	-0.488896
64.7125	-0.488924
64.7375	-0.488939
64.7625	-0.488953
64.7875	-0.488981
64.8125	-0.488996
64.8375	-0.48901
64.8625	-0.489024
64.8875	-0.489038
64.9125	-0.489067
64.9375	-0.489081
64.9625	-0.489095
64.9875	-0.489109
65.0125	-0.489123
65.0375	-0.489138
65.0625	-0.489152
65.0875	-0.489166
65.1125	-0.48918
65.1375	-0.489194
65.1625	-0.489209
65.1875	-0.489223
65.2125	-0.489237
65.2375	-0.489251
65.2625	-0.489251
65.2875	-0.489266
65.3125	-0.48928
65.3375	-0.489294
65.3625	-0.489294
65.3875	-0.489308
65.4125	-0.489322
65.4375	-0.489322
65.4625	-0.489337
65.4875	-0.489351
65.5125	-0.489351
65.5375	-0.489365
65.5625	-0.489365
65.5875	-0.489365
65.6125	-0.489379
65.6375	-0.489379
65.6625	-0.489393
65.6875	-0.489393
65.7125	-0.489393
65.7375	-0.489408
65.7625	-0.489408
65.7875	-0.489408
65.8125	-0.489408
65.8375	-0.489408
65.8625	-0.489408
65.8875	-0.489422
65.9125	-0.489422
65.9375	-0.489422
65.9625	-0.489422
65.9875	-0.489422
66.0125	-0.489422
66.0375	-0.489408
66.0625	-0.489408
66.0875	-0.489408
66.1125	-0.489408
66.1375	-0.489408
66.1625	-0.489408
66.1875	-0.489393
66.2125	-0.489393
66.2375	-0.489393
66.2625	-0.489379
66.2875	-0.489379
66.3125	-0.489379
66.3375	-0.489365
66.3625	-0.489365
66.3875	-0.489351
66.4125	-0.489351
66.4375	-0.489337
66.4625	-0.489337
66.4875	-0.489322
66.5125	-0.489308
66.5375	-0.489308
66.5625	-0.489294
66.5875	-0.48928
66.6125	-0.48928
66.6375	-0.489266
66.6625	-0.489251
66.6875	-0.489237
66.7125	-0.489223
66.7375	-0.489223
66.7625	-0.489209
66.7875	-0.489194
66.8125	-0.48918
66.8375	-0.489166
66.8625	-0.489152
66.8875	-0.489138
66.9125	-0.489123
66.9375	-0.489109
66.9625	-0.489095
66.9875	-0.489081
67.0125	-0.489067
67.0375	-0.489038
67.0625	-0.489024
67.0875	-0.48901
67.1125	-0.488996
67.1375	-0.488981
67.1625	-0.488953
67.1875	-0.488939
67.2125	-0.488924
67.2375	-0.488896
67.2625	-0.488882
67.2875	-0.488868
67.3125	-0.488839
67.3375	-0.488825
67.3625	-0.488797
67.3875	-0.488782
67.4125	-0.488754
67.4375	-0.48874
67.4625	-0.488711
67.4875	-0.488697
67.5125	-0.488669
67.5375	-0.488654
67.5625	-0.488626
67.5875	-0.488612
67.6125	-0.488583
67.6375	-0.488555
67.6625	-0.488541
67.6875	-0.488512
67.7125	-0.488484
67.7375	-0.48847
67.7625	-0.488441
67.7875	-0.488413
67.8125	-0.488384
67.8375	-0.48837
67.8625	-0.488342
67.8875	-0.488313
67.9125	-0.488285
67.9375	-0.488257
67.9625	-0.488242
67.9875	-0.488214
68.0125	-0.488185
68.0375	-0.488157
68.0625	-0.488129
68.0875	-0.4881
68.1125	-0.488072
68.1375	-0.488043
68.1625	-0.488015
68.1875	-0.487987
68.2125	-0.487958
68.2375	-0.48793
68.2625	-0.487901
68.2875	-0.487873
68.3125	-0.487844
68.3375	-0.487816
68.3625	-0.487788
68.3875	-0.487759
68.4125	-0.487731
68.4375	-0.487702
68.4625	-0.487674
68.4875	-0.487645
68.5125	-0.487617
68.5375	-0.487574
68.5625	-0.487546
68.5875	-0.487518
68.6125	-0.487489
68.6375	-0.487461
68.6625	-0.487432
68.6875	-0.48739
68.7125	-0.487361
68.7375	-0.487333
68.7625	-0.487304
68.7875	-0.487276
68.8125	-0.487233
68.8375	-0.487205
68.8625	-0.487177
68.8875	-0.487148
68.9125	-0.487105
68.9375	-0.487077
68.9625	-0.487049
68.9875	-0.487006
69.0125	-0.486978
69.0375	-0.486949
69.0625	-0.486921
69.0875	-0.486878
69.1125	-0.48685
69.1375	-0.486821
69.1625	-0.486779
69.1875	-0.48675
69.2125	-0.486722
69.2375	-0.486679
69.2625	-0.486651
69.2875	-0.486622
69.3125	-0.48658
69.3375	-0.486551
69.3625	-0.486523
69.3875	-0.48648
69.4125	-0.486452
69.4375	-0.486423
69.4625	-0.486381
69.4875	-0.486352
69.5125	-0.486324
69.5375	-0.486281
69.5625	-0.486253
69.5875	-0.486224
69.6125	-0.486182
69.6375	-0.486153
69.6625	-0.486125
69.6875	-0.486082
69.7125	-0.486054
69.7375	-0.486025
69.7625	-0.485983
69.7875	-0.485954
69.8125	-0.485926
69.8375	-0.485898
69.8625	-0.485869
69.8875	-0.485826
69.9125	-0.485798
69.9375	-0.48577
69.9625	-0.485741
69.9875	-0.485713
70.0125	-0.485684
70.0375	-0.485656
70.0625	-0.485628
70.0875	-0.485599
70.1125	-0.485571
70.1375	-0.485542
70.1625	-0.485514
70.1875	-0.485485
70.2125	-0.485471
70.2375	-0.485443
70.2625	-0.485414
70.2875	-0.485386
70.3125	-0.485372
70.3375	-0.485343
70.3625	-0.485315
70.3875	-0.485301
70.4125	-0.485272
70.4375	-0.485258
70.4625	-0.48523
70.4875	-0.485215
70.5125	-0.485187
70.5375	-0.485173
70.5625	-0.485144
70.5875	-0.48513
70.6125	-0.485116
70.6375	-0.485088
70.6625	-0.485073
70.6875	-0.485059
70.7125	-0.485045
70.7375	-0.485016
70.7625	-0.485002
70.7875	-0.484988
70.8125	-0.484974
70.8375	-0.48496
70.8625	-0.484945
70.8875	-0.484931
70.9125	-0.484917
70.9375	-0.484903
70.9625	-0.484889
70.9875	-0.484874
71.0125	-0.484874
71.0375	-0.48486
71.0625	-0.484846
71.0875	-0.484832
71.1125	-0.484818
71.1375	-0.484818
71.1625	-0.484803
71.1875	-0.484789
71.2125	-0.484789
71.2375	-0.484775
71.2625	-0.484775
71.2875	-0.484761
71.3125	-0.484761
71.3375	-0.484746
71.3625	-0.484746
71.3875	-0.484732
71.4125	-0.484732
71.4375	-0.484718
71.4625	-0.484718
71.4875	-0.484704
71.5125	-0.484704
71.5375	-0.484704
71.5625	-0.48469
71.5875	-0.48469
71.6125	-0.48469
71.6375	-0.484675
71.6625	-0.484675
71.6875	-0.484675
71.7125	-0.484675
71.7375	-0.484661
71.7625	-0.484661
71.7875	-0.484661
71.8125	-0.484661
71.8375	-0.484661
71.8625	-0.484661
71.8875	-0.484647
71.9125	-0.484647
71.9375	-0.484647
71.9625	-0.484647
71.9875	-0.484647
72.0125	-0.484647
72.0375	-0.484647
72.0625	-0.484647
72.0875	-0.484647
72.1125	-0.484647
72.1375	-0.484647
72.1625	-0.484647
72.1875	-0.484647
72.2125	-0.484647
72.2375	-0.484647
72.2625	-0.484647
72.2875	-0.484647
72.3125	-0.484647
72.3375	-0.484647
72.3625	-0.484647
72.3875	-0.484647
72.4125	-0.484647
72.4375	-0.484647
72.4625	-0.484647
72.4875	-0.484647
72.5125	-0.484647
72.5375	-0.484647
72.5625	-0.484647
72.5875	-0.484661
72.6125	-0.484661
72.6375	-0.484661
72.6625	-0.484661
72.6875	-0.484661
72.7125	-0.484661
72.7375	-0.484661
72.7625	-0.484661
72.7875	-0.484661
72.8125	-0.484661
72.8375	-0.484675
72.8625	-0.484675
72.8875	-0.484675
72.9125	-0.484675
72.9375	-0.484675
72.9625	-0.484675
72.9875	-0.484675
73.0125	-0.484675
73.0375	-0.484675
73.0625	-0.484675
73.0875	-0.484675
73.1125	-0.48469
73.1375	-0.48469
73.1625	-0.48469
73.1875	-0.48469
73.2125	-0.48469
73.2375	-0.48469
73.2625	-0.48469
73.2875	-0.48469
73.3125	-0.48469
73.3375	-0.48469
73.3625	-0.48469
73.3875	-0.48469
73.4125	-0.48469
73.4375	-0.48469
73.4625	-0.48469
73.4875	-0.484704
73.5125	-0.484704
73.5375	-0.484704
73.5625	-0.484704
73.5875	-0.484704
73.6125	-0.484704
73.6375	-0.484704
73.6625	-0.484704
73.6875	-0.484704
73.7125	-0.484704
73.7375	-0.484704
73.7625	-0.484704
73.7875	-0.484704
73.8125	-0.484704
73.8375	-0.484704
73.8625	-0.48469
73.8875	-0.48469
73.9125	-0.48469
73.9375	-0.48469
73.9625	-0.48469
73.9875	-0.48469
74.0125	-0.48469
74.0375	-0.48469
74.0625	-0.48469
74.0875	-0.48469
74.1125	-0.48469
74.1375	-0.48469
74.1625	-0.484675
74.1875	-0.484675
74.2125	-0.484675
74.2375	-0.484675
74.2625	-0.484675
74.2875	-0.484675
74.3125	-0.484675
74.3375	-0.484661
74.3625	-0.484661
74.3875	-0.484661
74.4125	-0.484661
74.4375	-0.484661
74.4625	-0.484661
74.4875	-0.484647
74.5125	-0.484647
74.5375	-0.484647
74.5625	-0.484647
74.5875	-0.484633
74.6125	-0.484633
74.6375	-0.484633
74.6625	-0.484633
74.6875	-0.484619
74.7125	-0.484619
74.7375	-0.484619
74.7625	-0.484619
74.7875	-0.484604
74.8125	-0.484604
74.8375	-0.484604
74.8625	-0.48459
74.8875	-0.48459
74.9125	-0.48459
74.9375	-0.484576
74.9625	-0.484576
74.9875	-0.484576
75.0125	-0.484562
75.0375	-0.484562
75.0625	-0.484562
75.0875	-0.484548
75.1125	-0.484548
75.1375	-0.484533
75.1625	-0.484533
75.1875	-0.484533
75.2125	-0.484519
75.2375	-0.484519
75.2625	-0.484505
75.2875	-0.484505
75.3125	-0.484491
75.3375	-0.484491
75.3625	-0.484491
75.3875	-0.484476
75.4125	-0.484476
75.4375	-0.484462
75.4625	-0.484462
75.4875	-0.484448
75.5125	-0.484448
75.5375	-0.484434
75.5625	-0.484434
75.5875	-0.48442
75.6125	-0.48442
75.6375	-0.484405
75.6625	-0.484405
75.6875	-0.484391
75.7125	-0.484391
75.7375	-0.484377
75.7625	-0.484363
75.7875	-0.484363
75.8125	-0.484349
75.8375	-0.484349
75.8625	-0.484334
75.8875	-0.484334
75.9125	-0.48432
75.9375	-0.484306
75.9625	-0.484306
75.9875	-0.484292
76.0125	-0.484278
76.0375	-0.484278
76.0625	-0.484263
76.0875	-0.484263
76.1125	-0.484249
76.1375	-0.484235
76.1625	-0.484235
76.1875	-0.484221
76.2125	-0.484206
76.2375	-0.484206
76.2625	-0.484192
76.2875	-0.484178
76.3125	-0.484178
76.3375	-0.484164
76.3625	-0.48415
76.3875	-0.48415
76.4125	-0.484135
76.4375	-0.484121
76.4625	-0.484107
76.4875	-0.484107
76.5125	-0.484093
76.5375	-0.484079
76.5625	-0.484064
76.5875	-0.484064
76.6125	-0.48405
76.6375	-0.484036
76.6625	-0.484022
76.6875	-0.484022
76.7125	-0.484008
76.7375	-0.483993
76.7625	-0.483979
76.7875	-0.483979
76.8125	-0.483965
76.8375	-0.483951
76.8625	-0.483936
76.8875	-0.483922
76.9125	-0.483922
76.9375	-0.483908
76.9625	-0.483894
76.9875	-0.48388
77.0125	-0.483865
77.0375	-0.483865
77.0625	-0.483851
77.0875	-0.483837
77.1125	-0.483823
77.1375	-0.483809
77.1625	-0.483794
77.1875	-0.483794
77.2125	-0.48378
77.2375	-0.483766
77.2625	-0.483752
77.2875	-0.483737
77.3125	-0.483723
77.3375	-0.483723
77.3625	-0.483709
77.3875	-0.483695
77.4125	-0.483681
77.4375	-0.483666
77.4625	-0.483652
77.4875	-0.483638
77.5125	-0.483638
77.5375	-0.483624
77.5625	-0.48361
77.5875	-0.483595
77.6125	-0.483581
77.6375	-0.483581
77.6625	-0.483567
77.6875	-0.483553
77.7125	-0.483539
77.7375	-0.483539
77.7625	-0.483524
77.7875	-0.48351
77.8125	-0.48351
77.8375	-0.483496
77.8625	-0.483482
77.8875	-0.483482
77.9125	-0.483467
77.9375	-0.483467
77.9625	-0.483453
77.9875	-0.483453
78.0125	-0.483439
78.0375	-0.483439
78.0625	-0.483439
78.0875	-0.483425
78.1125	-0.483425
78.1375	-0.483425
78.1625	-0.483425
78.1875	-0.483425
78.2125	-0.483411
78.2375	-0.483411
78.2625	-0.483411
78.2875	-0.483411
78.3125	-0.483411
78.3375	-0.483411
78.3625	-0.483425
78.3875	-0.483425
78.4125	-0.483425
78.4375	-0.483425
78.4625	-0.483425
78.4875	-0.483439
78.5125	-0.483439
78.5375	-0.483439
78.5625	-0.483453
78.5875	-0.483453
78.6125	-0.483467
78.6375	-0.483467
78.6625	-0.483482
78.6875	-0.483496
78.7125	-0.483496
78.7375	-0.48351
78.7625	-0.483524
78.7875	-0.483539
78.8125	-0.483539
78.8375	-0.483553
78.8625	-0.483567
78.8875	-0.483581
78.9125	-0.483595
78.9375	-0.48361
78.9625	-0.483624
78.9875	-0.483638
79.0125	-0.483652
79.0375	-0.483666
79.0625	-0.483681
79.0875	-0.483695
79.1125	-0.483723
79.1375	-0.483737
79.1625	-0.483752
79.1875	-0.483766
79.2125	-0.483794
79.2375	-0.483809
79.2625	-0.483823
79.2875	-0.483851
79.3125	-0.483865
79.3375	-0.48388
79.3625	-0.483908
79.3875	-0.483922
79.4125	-0.483951
79.4375	-0.483965
79.4625	-0.483993
79.4875	-0.484008
79.5125	-0.484036
79.5375	-0.48405
79.5625	-0.484079
79.5875	-0.484107
79.6125	-0.484121
79.6375	-0.48415
79.6625	-0.484164
79.6875	-0.484192
79.7125	-0.484221
79.7375	-0.484235
79.7625	-0.484263
79.7875	-0.484292
79.8125	-0.484306
79.8375	-0.484334
79.8625	-0.484363
79.8875	-0.484377
79.9125	-0.484405
79.9375	-0.484434
79.9625	-0.484448
79.9875	-0.484476
80.0125	-0.484505
80.0375	-0.484533
80.0625	-0.484548
80.0875	-0.484576
80.1125	-0.484604
80.1375	-0.484619
80.1625	-0.484647
80.1875	-0.484675
80.2125	-0.484704
80.2375	-0.484718
80.2625	-0.484746
80.2875	-0.484775
80.3125	-0.484789
80.3375	-0.484818
80.3625	-0.484846
80.3875	-0.48486
80.4125	-0.484889
80.4375	-0.484917
80.4625	-0.484931
80.4875	-0.48496
80.5125	-0.484988
80.5375	-0.485002
80.5625	-0.485031
80.5875	-0.485059
80.6125	-0.485073
80.6375	-0.485102
80.6625	-0.485116
80.6875	-0.485144
80.7125	-0.485159
80.7375	-0.485187
80.7625	-0.485201
80.7875	-0.48523
80.8125	-0.485258
80.8375	-0.485272
80.8625	-0.485286
80.8875	-0.485315
80.9125	-0.485329
80.9375	-0.485358
80.9625	-0.485372
80.9875	-0.4854
81.0125	-0.485414
81.0375	-0.485429
81.0625	-0.485457
81.0875	-0.485471
81.1125	-0.485485
81.1375	-0.485514
81.1625	-0.485528
81.1875	-0.485542
81.2125	-0.485556
81.2375	-0.485585
81.2625	-0.485599
81.2875	-0.485613
81.3125	-0.485628
81.3375	-0.485642
81.3625	-0.48567
81.3875	-0.485684
81.4125	-0.485699
81.4375	-0.485713
81.4625	-0.485727
81.4875	-0.485741
81.5125	-0.485755
81.5375	-0.48577
81.5625	-0.485784
81.5875	-0.485798
81.6125	-0.485812
81.6375	-0.485826
81.6625	-0.485841
81.6875	-0.485855
81.7125	-0.485869
81.7375	-0.485883
81.7625	-0.485898
81.7875	-0.485912
81.8125	-0.485926
81.8375	-0.48594
81.8625	-0.485954
81.8875	-0.485969
81.9125	-0.485983
81.9375	-0.485997
81.9625	-0.486011
81.9875	-0.486025
82.0125	-0.48604
82.0375	-0.486054
82.0625	-0.486068
82.0875	-0.486082
82.1125	-0.486097
82.1375	-0.486111
82.1625	-0.486125
82.1875	-0.486139
82.2125	-0.486153
82.2375	-0.486168
82.2625	-0.486182
82.2875	-0.486196
82.3125	-0.48621
82.3375	-0.486224
82.3625	-0.486239
82.3875	-0.486267
82.4125	-0.486281
82.4375	-0.486295
82.4625	-0.48631
82.4875	-0.486324
82.5125	-0.486338
82.5375	-0.486352
82.5625	-0.486367
82.5875	-0.486395
82.6125	-0.486409
82.6375	-0.486423
82.6625	-0.486438
82.6875	-0.486452
82.7125	-0.48648
82.7375	-0.486494
82.7625	-0.486509
82.7875	-0.486523
82.8125	-0.486551
82.8375	-0.486565
82.8625	-0.48658
82.8875	-0.486608
82.9125	-0.486622
82.9375	-0.486651
82.9625	-0.486665
82.9875	-0.486693
83.0125	-0.486708
83.0375	-0.486736
83.0625	-0.48675
83.0875	-0.486779
83.1125	-0.486793
83.1375	-0.486821
83.1625	-0.486835
83.1875	-0.486864
83.2125	-0.486892
83.2375	-0.486907
83.2625	-0.486935
83.2875	-0.486963
83.3125	-0.486992
83.3375	-0.48702
83.3625	-0.487034
83.3875	-0.487063
83.4125	-0.487091
83.4375	-0.48712
83.4625	-0.487148
83.4875	-0.487177
83.5125	-0.487205
83.5375	-0.487233
83.5625	-0.487262
83.5875	-0.48729
83.6125	-0.487319
83.6375	-0.487347
83.6625	-0.487375
83.6875	-0.487404
83.7125	-0.487432
83.7375	-0.487475
83.7625	-0.487503
83.7875	-0.487532
83.8125	-0.48756
83.8375	-0.487589
83.8625	-0.487631
83.8875	-0.48766
83.9125	-0.487688
83.9375	-0.487717
83.9625	-0.487759
83.9875	-0.487788
84.0125	-0.487816
84.0375	-0.487859
84.0625	-0.487887
84.0875	-0.48793
84.1125	-0.487958
84.1375	-0.487987
84.1625	-0.488029
84.1875	-0.488058
84.2125	-0.4881
84.2375	-0.488129
84.2625	-0.488171
84.2875	-0.4882
84.3125	-0.488242
84.3375	-0.488285
84.3625	-0.488313
84.3875	-0.488356
84.4125	-0.488399
84.4375	-0.488441
84.4625	-0.488484
84.4875	-0.488527
84.5125	-0.488569
84.5375	-0.488612
84.5625	-0.488669
84.5875	-0.488711
84.6125	-0.488768
84.6375	-0.488825
84.6625	-0.488882
84.6875	-0.488939
84.7125	-0.488996
84.7375	-0.489052
84.7625	-0.489123
84.7875	-0.489194
84.8125	-0.489251
84.8375	-0.489322
84.8625	-0.489408
84.8875	-0.489479
84.9125	-0.48955
84.9375	-0.489635
84.9625	-0.48972
84.9875	-0.489791
85.0125	-0.489877
85.0375	-0.489976
85.0625	-0.490061
85.0875	-0.490147
85.1125	-0.490246
85.1375	-0.490346
85.1625	-0.490445
85.1875	-0.490544
85.2125	-0.490644
85.2375	-0.490743
85.2625	-0.490843
85.2875	-0.490957
85.3125	-0.491056
85.3375	-0.49117
85.3625	-0.491283
85.3875	-0.491397
85.4125	-0.491511
85.4375	-0.491625
85.4625	-0.491738
85.4875	-0.491852
85.5125	-0.49198
85.5375	-0.492093
85.5625	-0.492207
85.5875	-0.492335
85.6125	-0.492463
85.6375	-0.492577
85.6625	-0.492705
85.6875	-0.492832
85.7125	-0.49296
85.7375	-0.493088
85.7625	-0.493216
85.7875	-0.49333
85.8125	-0.493458
85.8375	-0.4936
85.8625	-0.493728
85.8875	-0.493856
85.9125	-0.493984
85.9375	-0.494111
85.9625	-0.494239
85.9875	-0.494367
86.0125	-0.494495
86.0375	-0.494637
86.0625	-0.494765
86.0875	-0.494893
86.1125	-0.495021
86.1375	-0.495149
86.1625	-0.495277
86.1875	-0.495405
86.2125	-0.495533
86.2375	-0.495675
86.2625	-0.495803
86.2875	-0.49593
86.3125	-0.496058
86.3375	-0.496186
86.3625	-0.496314
86.3875	-0.496442
86.4125	-0.496556
86.4375	-0.496684
86.4625	-0.496811
86.4875	-0.496939
86.5125	-0.497053
86.5375	-0.497181
86.5625	-0.497309
86.5875	-0.497423
86.6125	-0.49755
86.6375	-0.497664
86.6625	-0.497792
86.6875	-0.497906
86.7125	-0.498019
86.7375	-0.498147
86.7625	-0.498261
86.7875	-0.498375
86.8125	-0.498488
86.8375	-0.498602
86.8625	-0.498716
86.8875	-0.498815
86.9125	-0.498929
86.9375	-0.499043
86.9625	-0.499156
86.9875	-0.499256
87.0125	-0.499369
87.0375	-0.499469
87.0625	-0.499568
87.0875	-0.499682
87.1125	-0.499782
87.1375	-0.499881
87.1625	-0.499981
87.1875	-0.50008
87.2125	-0.500179
87.2375	-0.500265
87.2625	-0.500364
87.2875	-0.500464
87.3125	-0.500549
87.3375	-0.500648
87.3625	-0.500734
87.3875	-0.500819
87.4125	-0.500904
87.4375	-0.500989
87.4625	-0.501075
87.4875	-0.50116
87.5125	-0.501245
87.5375	-0.501331
87.5625	-0.501416
87.5875	-0.501487
87.6125	-0.501572
87.6375	-0.501643
87.6625	-0.501728
87.6875	-0.501799
87.7125	-0.501871
87.7375	-0.501942
87.7625	-0.502013
87.7875	-0.502084
87.8125	-0.502155
87.8375	-0.502212
87.8625	-0.502283
87.8875	-0.502354
87.9125	-0.502411
87.9375	-0.502482
87.9625	-0.502538
87.9875	-0.502595
88.0125	-0.502652
88.0375	-0.502709
88.0625	-0.502766
88.0875	-0.502823
88.1125	-0.50288
88.1375	-0.502936
88.1625	-0.502979
88.1875	-0.503036
88.2125	-0.503078
88.2375	-0.503135
88.2625	-0.503178
88.2875	-0.503221
88.3125	-0.503263
88.3375	-0.503306
88.3625	-0.503348
88.3875	-0.503391
88.4125	-0.503434
88.4375	-0.503476
88.4625	-0.503505
88.4875	-0.503547
88.5125	-0.503576
88.5375	-0.503618
88.5625	-0.503647
88.5875	-0.503675
88.6125	-0.503718
88.6375	-0.503746
88.6625	-0.503775
88.6875	-0.503803
88.7125	-0.503832
88.7375	-0.503846
88.7625	-0.503874
88.7875	-0.503903
88.8125	-0.503917
88.8375	-0.503945
88.8625	-0.50396
88.8875	-0.503988
88.9125	-0.504002
88.9375	-0.504016
88.9625	-0.504045
88.9875	-0.504059
89.0125	-0.504073
89.0375	-0.504087
89.0625	-0.504102
89.0875	-0.504102
89.1125	-0.504116
89.1375	-0.50413
89.1625	-0.50413
89.1875	-0.504144
89.2125	-0.504158
89.2375	-0.504158
89.2625	-0.504158
89.2875	-0.504173
89.3125	-0.504173
89.3375	-0.504173
89.3625	-0.504173
89.3875	-0.504173
89.4125	-0.504173
89.4375	-0.504173
89.4625	-0.504173
89.4875	-0.504173
89.5125	-0.504173
89.5375	-0.504173
89.5625	-0.504158
89.5875	-0.504158
89.6125	-0.504144
89.6375	-0.504144
89.6625	-0.50413
89.6875	-0.50413
89.7125	-0.504116
89.7375	-0.504102
89.7625	-0.504102
89.7875	-0.504087
89.8125	-0.504073
89.8375	-0.504059
89.8625	-0.504045
89.8875	-0.504031
89.9125	-0.504016
89.9375	-0.504002
89.9625	-0.503988
89.9875	-0.503974
90.0125	-0.503945
90.0375	-0.503931
90.0625	-0.503917
90.0875	-0.503888
90.1125	-0.503874
90.1375	-0.503846
90.1625	-0.503832
90.1875	-0.503803
90.2125	-0.503789
90.2375	-0.503761
90.2625	-0.503732
90.2875	-0.503718
90.3125	-0.50369
90.3375	-0.503661
90.3625	-0.503633
90.3875	-0.503604
90.4125	-0.503576
90.4375	-0.503547
90.4625	-0.503519
90.4875	-0.503491
90.5125	-0.503462
90.5375	-0.503434
90.5625	-0.503405
90.5875	-0.503377
90.6125	-0.503348
90.6375	-0.503306
90.6625	-0.503277
90.6875	-0.503249
90.7125	-0.503221
90.7375	-0.503178
90.7625	-0.50315
90.7875	-0.503107
90.8125	-0.503078
90.8375	-0.503036
90.8625	-0.503007
90.8875	-0.502965
90.9125	-0.502936
90.9375	-0.502894
90.9625	-0.502851
90.9875	-0.502823
91.0125	-0.50278
91.0375	-0.502737
91.0625	-0.502695
91.0875	-0.502666
91.1125	-0.502624
91.1375	-0.502581
91.1625	-0.502538
91.1875	-0.502496
91.2125	-0.502453
91.2375	-0.502411
91.2625	-0.502368
91.2875	-0.502325
91.3125	-0.502283
91.3375	-0.50224
91.3625	-0.502197
91.3875	-0.502155
91.4125	-0.502112
91.4375	-0.502069
91.4625	-0.502027
91.4875	-0.501984
91.5125	-0.501942
91.5375	-0.501885
91.5625	-0.501842
91.5875	-0.501799
91.6125	-0.501757
91.6375	-0.5017
91.6625	-0.501657
91.6875	-0.501615
91.7125	-0.501558
91.7375	-0.501515
91.7625	-0.501473
91.7875	-0.501416
91.8125	-0.501373
91.8375	-0.501331
91.8625	-0.501274
91.8875	-0.501231
91.9125	-0.501174
91.9375	-0.501132
91.9625	-0.501075
91.9875	-0.501032
92.0125	-0.500975
92.0375	-0.500933
92.0625	-0.500876
92.0875	-0.500833
92.1125	-0.500776
92.1375	-0.500719
92.1625	-0.500677
92.1875	-0.50062
92.2125	-0.500577
92.2375	-0.500521
92.2625	-0.500464
92.2875	-0.500421
92.3125	-0.500364
92.3375	-0.500307
92.3625	-0.500265
92.3875	-0.500208
92.4125	-0.500151
92.4375	-0.500108
92.4625	-0.500052
92.4875	-0.499995
92.5125	-0.499938
92.5375	-0.499895
92.5625	-0.499838
92.5875	-0.499782
92.6125	-0.499725
92.6375	-0.499682
92.6625	-0.499625
92.6875	-0.499568
92.7125	-0.499512
92.7375	-0.499455
92.7625	-0.499398
92.7875	-0.499355
92.8125	-0.499298
92.8375	-0.499242
92.8625	-0.499185
92.8875	-0.499128
92.9125	-0.499071
92.9375	-0.499028
92.9625	-0.498972
92.9875	-0.498915
93.0125	-0.498858
93.0375	-0.498801
93.0625	-0.498744
93.0875	-0.498687
93.1125	-0.49863
93.1375	-0.498588
93.1625	-0.498531
93.1875	-0.498474
93.2125	-0.498417
93.2375	-0.49836
93.2625	-0.498304
93.2875	-0.498247
93.3125	-0.49819
93.3375	-0.498133
93.3625	-0.498076
93.3875	-0.498034
93.4125	-0.497977
93.4375	-0.49792
93.4625	-0.497863
93.4875	-0.497806
93.5125	-0.497749
93.5375	-0.497693
93.5625	-0.497636
93.5875	-0.497579
93.6125	-0.497522
93.6375	-0.497465
93.6625	-0.497408
93.6875	-0.497351
93.7125	-0.497295
93.7375	-0.497252
93.7625	-0.497195
93.7875	-0.497138
93.8125	-0.497081
93.8375	-0.497025
93.8625	-0.496968
93.8875	-0.496911
93.9125	-0.496854
93.9375	-0.496797
93.9625	-0.49674
93.9875	-0.496684
94.0125	-0.496627
94.0375	-0.49657
94.0625	-0.496513
94.0875	-0.49647
94.1125	-0.496414
94.1375	-0.496357
94.1625	-0.4963
94.1875	-0.496243
94.2125	-0.496186
94.2375	-0.496129
94.2625	-0.496073
94.2875	-0.496016
94.3125	-0.495959
94.3375	-0.495902
94.3625	-0.495859
94.3875	-0.495803
94.4125	-0.495746
94.4375	-0.495689
94.4625	-0.495632
94.4875	-0.495575
94.5125	-0.495518
94.5375	-0.495461
94.5625	-0.495405
94.5875	-0.495362
94.6125	-0.495305
94.6375	-0.495248
94.6625	-0.495191
94.6875	-0.495135
94.7125	-0.495078
94.7375	-0.495035
94.7625	-0.494978
94.7875	-0.494921
94.8125	-0.494865
94.8375	-0.494808
94.8625	-0.494751
94.8875	-0.494708
94.9125	-0.494651
94.9375	-0.494595
94.9625	-0.494538
94.9875	-0.494481
95.0125	-0.494438
95.0375	-0.494381
95.0625	-0.494325
95.0875	-0.494268
95.1125	-0.494211
95.1375	-0.494168
95.1625	-0.494111
95.1875	-0.494055
95.2125	-0.493998
95.2375	-0.493955
95.2625	-0.493898
95.2875	-0.493841
95.3125	-0.493785
95.3375	-0.493742
95.3625	-0.493685
95.3875	-0.493628
95.4125	-0.493586
95.4375	-0.493529
95.4625	-0.493472
95.4875	-0.493415
95.5125	-0.493372
95.5375	-0.493316
95.5625	-0.493259
95.5875	-0.493216
95.6125	-0.493159
95.6375	-0.493102
95.6625	-0.49306
95.6875	-0.493003
95.7125	-0.492946
95.7375	-0.492904
95.7625	-0.492847
95.7875	-0.492804
95.8125	-0.492747
95.8375	-0.49269
95.8625	-0.492648
95.8875	-0.492591
95.9125	-0.492548
95.9375	-0.492491
95.9625	-0.492435
95.9875	-0.492392
96.0125	-0.492335
96.0375	-0.492292
96.0625	-0.492236
96.0875	-0.492193
96.1125	-0.492136
96.1375	-0.492093
96.1625	-0.492037
96.1875	-0.491994
96.2125	-0.491937
96.2375	-0.491895
96.2625	-0.491838
96.2875	-0.491795
96.3125	-0.491738
96.3375	-0.491696
96.3625	-0.491639
96.3875	-0.491596
96.4125	-0.491539
96.4375	-0.491497
96.4625	-0.49144
96.4875	-0.491397
96.5125	-0.491355
96.5375	-0.491298
96.5625	-0.491255
96.5875	-0.491198
96.6125	-0.491156
96.6375	-0.491113
96.6625	-0.491056
96.6875	-0.491013
96.7125	-0.490971
96.7375	-0.490914
96.7625	-0.490871
96.7875	-0.490829
96.8125	-0.490772
96.8375	-0.490729
96.8625	-0.490687
96.8875	-0.49063
96.9125	-0.490587
96.9375	-0.490544
96.9625	-0.490488
96.9875	-0.490445
97.0125	-0.490402
97.0375	-0.49036
97.0625	-0.490303
97.0875	-0.49026
97.1125	-0.490218
97.1375	-0.490175
97.1625	-0.490118
97.1875	-0.490076
97.2125	-0.490033
97.2375	-0.48999
97.2625	-0.489948
97.2875	-0.489891
97.3125	-0.489848
97.3375	-0.489806
97.3625	-0.489763
97.3875	-0.48972
97.4125	-0.489678
97.4375	-0.489621
97.4625	-0.489578
97.4875	-0.489536
97.5125	-0.489493
97.5375	-0.48945
97.5625	-0.489408
97.5875	-0.489365
97.6125	-0.489322
97.6375	-0.48928
97.6625	-0.489237
97.6875	-0.48918
97.7125	-0.489138
97.7375	-0.489095
97.7625	-0.489052
97.7875	-0.48901
97.8125	-0.488967
97.8375	-0.488924
97.8625	-0.488882
97.8875	-0.488839
97.9125	-0.488797
97.9375	-0.488754
97.9625	-0.488711
97.9875	-0.488669
98.0125	-0.488626
98.0375	-0.488583
98.0625	-0.488541
98.0875	-0.488498
98.1125	-0.48847
98.1375	-0.488427
98.1625	-0.488384
98.1875	-0.488342
98.2125	-0.488299
98.2375	-0.488257
98.2625	-0.488214
98.2875	-0.488171
98.3125	-0.488129
98.3375	-0.4881
98.3625	-0.488058
98.3875	-0.488015
98.4125	-0.487972
98.4375	-0.48793
98.4625	-0.487887
98.4875	-0.487844
98.5125	-0.487816
98.5375	-0.487773
98.5625	-0.487731
98.5875	-0.487688
98.6125	-0.48766
98.6375	-0.487617
98.6625	-0.487574
98.6875	-0.487532
98.7125	-0.487489
98.7375	-0.487461
98.7625	-0.487418
98.7875	-0.487375
98.8125	-0.487347
98.8375	-0.487304
98.8625	-0.487262
98.8875	-0.487219
98.9125	-0.487191
98.9375	-0.487148
98.9625	-0.487105
98.9875	-0.487077
99.0125	-0.487034
99.0375	-0.486992
99.0625	-0.486963
99.0875	-0.486921
99.1125	-0.486892
99.1375	-0.48685
99.1625	-0.486807
99.1875	-0.486779
99.2125	-0.486736
99.2375	-0.486708
99.2625	-0.486665
99.2875	-0.486622
99.3125	-0.486594
99.3375	-0.486551
99.3625	-0.486523
99.3875	-0.48648
99.4125	-0.486452
99.4375	-0.486409
99.4625	-0.486381
99.4875	-0.486338
99.5125	-0.48631
99.5375	-0.486267
99.5625	-0.486239
99.5875	-0.486196
99.6125	-0.486168
99.6375	-0.486125
99.6625	-0.486097
99.6875	-0.486054
99.7125	-0.486025
99.7375	-0.485983
99.7625	-0.485954
99.7875	-0.485926
99.8125	-0.485883
99.8375	-0.485855
99.8625	-0.485812
99.8875	-0.485784
99.9125	-0.485741
99.9375	-0.485713
99.9625	-0.485684
99.9875	-0.485642
